1	0.099693	2	0	526	538	941	546	967	848	494	838	180	6	650	544
2	0.066541	4	0	526	538	941	546	967	849	494	839	178	6	208	8	26	649	544	669	546
1	0.099755	7	0	525	537	939	543	969	848	493	838	207	12	667	546
2	0.06702	9	0	524	536	940	544	968	845	492	837	206	12	231	7	25	667	546	685	543
1	0.099518	12	0	524	535	941	543	968	846	493	836	236	8	687	543
2	0.099799	14	0	524	532	941	542	968	846	494	836	236	12	249	13	12	688	543	697	544
2	0.099765	18	0	528	533	944	547	970	847	496	837	240	7	74	27	163	696	543	579	551
1	0.100264	21	0	526	533	945	544	974	848	496	838	76	28	578	551
2	0.099368	24	0	527	534	944	545	971	850	497	839	73	26	53	34	21	577	551	562	555
1	0.10102	27	0	527	537	943	548	970	852	497	842	54	29	563	555
2	0.067849	30	0	527	542	943	550	971	854	496	843	83	22	136	26	51	583	556	620	559
1	0.231088	36	0	527	540	941	548	970	849	495	841	135	26	619	557
2	0.066696	38	0	525	541	942	549	971	853	495	842	143	23	172	22	29	623	557	644	556
1	0.165641	43	0	524	539	942	547	971	848	494	840	173	23	644	555
2	0.066813	45	0	523	538	941	546	970	848	496	840	175	25	234	12	56	645	555	686	548
1	0.432224	49	0	524	539	942	547	971	849	495	841	230	12	684	549
1	0.067057	60	0	524	539	942	545	970	851	497	841	44	30	553	557
2	0.099512	63	0	524	538	942	546	970	848	497	840	43	29	76	15	25	552	556	576	548
1	0.132999	67	0	524	539	942	547	971	849	494	841	77	21	577	552
2	0.067415	69	0	523	538	942	546	971	848	494	840	80	27	91	25	11	578	555	586	554
1	0.499018	72	0	524	539	942	547	971	849	494	841	95	23	589	554
2	0.066015	86	0	523	539	941	547	970	849	493	841	147	23	187	18	39	625	555	653	552
1	0.133256	90	0	522	539	941	547	969	852	492	841	189	21	653	554
2	0.066173	92	0	522	539	938	547	970	849	493	841	193	21	216	22	22	656	554	672	555
1	0.099869	95	0	522	538	941	546	970	848	493	840	216	21	673	553
2	0.066604	97	0	522	538	941	546	970	848	493	840	231	18	246	22	15	683	552	694	554
1	0.099842	100	0	524	539	941	547	970	852	494	841	244	18	693	553
2	0.066416	102	0	524	539	941	547	970	850	494	842	242	17	70	42	165	692	552	571	565
1	0.133169	106	0	522	539	939	547	968	850	491	842	74	36	572	561
2	0.067071	108	0	522	539	939	547	968	849	490	841	70	33	55	36	15	569	560	558	561
1	0.099388	111	0	523	539	939	547	968	850	491	842	54	35	558	560
2	0.066543	113	0	520	536	939	547	968	850	491	842	65	38	101	35	36	564	560	590	559
1	0.132917	117	0	520	539	938	547	967	850	490	842	100	31	589	559
2	0.066984	119	0	518	540	937	547	965	850	489	842	112	26	123	31	12	595	557	603	560
1	0.09957	122	0	517	539	932	546	964	849	490	841	126	30	603	558
2	0.066753	124	0	516	539	931	545	963	849	489	841	126	31	144	30	16	602	559	614	558
1	0.099704	127	0	514	540	932	547	960	850	484	842	147	31	615	560
2	0.066519	129	0	511	541	926	547	958	850	485	842	149	31	173	29	23	613	561	630	560
1	0.232983	136	0	507	540	923	545	955	849	481	847	189	32	639	561
2	0.067389	138	0	508	540	923	545	955	849	482	849	183	31	164	32	20	636	560	622	561
1	0.132631	142	0	507	540	922	545	954	849	481	841	168	31	622	560
2	0.066597	144	0	507	541	922	547	954	850	481	849	175	30	224	31	47	629	561	663	562
1	0.132846	148	0	507	542	922	547	954	850	481	849	224	29	663	561
2	0.099574	150	0	507	542	922	547	954	851	480	850	222	29	240	31	17	662	561	674	563
2	0.09982	154	0	507	541	922	545	954	850	481	849	243	34	77	44	103	676	563	559	568
1	0.133433	158	0	506	542	922	545	954	851	479	850	77	44	558	569
2	0.099639	161	0	506	541	922	545	954	850	479	850	77	44	63	49	15	558	568	548	571
1	0.133017	165	0	507	542	923	547	955	851	480	850	60	45	547	570
2	0.066428	167	0	507	542	922	547	954	851	480	850	62	45	103	41	42	548	570	578	568
1	0.166575	172	0	507	542	922	547	954	851	480	850	102	44	577	569
2	0.066859	174	0	506	542	922	547	954	851	479	850	103	42	116	37	12	577	569	586	566
1	0.265787	182	0	507	543	922	547	954	853	480	852	124	30	592	562
2	0.066744	184	0	507	543	922	547	954	852	481	844	126	38	114	38	12	593	566	584	566
1	0.09964	187	0	507	542	922	547	954	851	480	851	110	37	583	566
2	0.099953	190	0	507	542	923	547	955	852	481	844	112	40	170	40	41	583	567	624	567
1	0.166418	195	0	507	543	922	549	954	853	480	852	167	35	623	566
2	0.43247	197	0	507	543	922	545	954	853	480	852	169	37	222	40	51	623	566	661	568
1	0.067144	210	0	507	544	922	549	954	854	480	853	205	25	649	561
2	0.065876	212	0	507	544	923	549	955	854	480	853	202	25	178	15	26	648	561	631	554
1	0.333696	222	0	507	544	922	547	954	853	480	851	167	7	622	549
2	0.066058	224	0	506	544	922	549	954	853	479	852	192	10	239	8	44	640	551	673	551
1	0.132735	228	0	507	544	922	549	954	854	481	846	238	7	671	550
2	0.066495	230	0	506	544	921	549	953	853	479	853	227	10	78	25	144	665	552	560	560
1	0.100106	233	0	505	544	920	549	952	854	478	853	82	24	561	559
2	0.066242	235	0	505	544	919	547	951	854	478	853	81	26	190	36	104	560	560	636	567
1	0.133253	239	0	505	544	920	547	952	853	478	852	218	43	656	571
2	0.066717	241	0	505	544	920	549	952	853	478	852	217	40	240	36	22	656	570	672	568
1	0.499023	247	0	505	544	920	547	952	854	478	853	243	37	673	568
1	0.100051	259	0	506	546	922	553	953	855	475	854	67	52	551	578
2	0.066328	261	0	506	545	921	549	953	855	479	854	69	54	106	50	36	552	578	578	576
1	0.166264	266	0	506	544	921	549	953	854	476	853	106	51	578	576
2	0.066711	268	0	506	544	921	549	953	853	479	853	106	48	136	50	28	579	574	600	576
1	0.465797	282	0	506	545	920	549	952	855	479	854	128	46	593	574
2	0.06674	284	0	506	546	921	553	952	855	479	853	120	45	79	46	39	589	575	560	575
1	0.499409	288	0	505	546	921	553	952	855	478	853	81	46	560	575
1	0.7323	321	0	504	547	919	553	950	857	477	856	90	45	565	575
2	0.099741	324	0	504	547	920	553	951	856	477	856	98	41	193	36	38	572	573	639	571
1	0.16565	329	0	503	553	919	553	950	857	477	855	199	32	640	572
2	0.066817	331	0	504	549	919	553	951	858	477	857	196	34	175	40	21	640	571	625	574
1	0.132962	335	0	503	553	919	553	950	857	477	856	177	36	625	575
2	0.100442	338	0	504	553	920	553	952	858	478	856	177	35	210	34	29	625	574	648	573
1	0.365506	340	0	505	548	920	553	952	858	478	857	218	40	657	574
1	0.133214	353	0	505	549	920	553	951	857	478	857	72	54	553	582
2	0.066364	355	0	504	553	921	553	953	858	478	857	89	48	169	44	77	564	582	620	579
1	0.26662	363	0	504	547	920	553	951	856	477	856	168	45	621	576
2	0.066197	365	0	505	547	920	553	952	857	478	856	167	44	193	41	25	621	575	639	574
1	0.068817	367	0	505	547	921	553	953	858	478	856	193	40	639	573
2	0.064291	369	0	505	548	921	553	953	858	478	857	195	39	122	51	77	641	573	589	580
1	0.166323	374	0	504	548	920	553	952	857	477	855	73	56	553	583
2	0.066986	376	0	504	548	920	553	952	857	477	856	78	56	130	55	50	556	583	593	583
1	0.09944	379	0	505	547	921	553	953	857	478	856	127	56	593	583
2	0.066614	381	0	505	547	921	553	953	857	478	856	127	55	160	51	31	593	582	616	580
1	0.133055	385	0	505	547	921	554	953	857	478	856	155	51	613	580
2	0.099906	388	0	505	548	921	553	953	858	478	857	156	54	128	54	27	613	582	593	582
1	0.099718	391	0	504	548	920	553	952	857	477	856	130	53	593	581
2	0.066567	393	0	505	547	920	553	952	858	478	856	130	55	215	50	81	594	582	654	580
1	0.266306	401	1	505	549	920	555	952	859	478	858	212	49	653	581
2	0.066426	403	0	504	548	919	553	951	858	477	857	216	51	229	53	13	654	581	663	582
1	0.133276	407	0	504	548	920	553	952	858	477	857	232	49	666	580
2	0.099723	409	0	505	548	921	553	953	858	478	857	231	48	242	48	11	666	579	674	579
2	0.066716	412	0	505	548	920	553	952	858	478	857	244	48	116	59	126	675	579	584	585
1	0.665798	422	0	505	549	921	553	953	859	478	858	63	61	546	587
1	0.265801	440	0	505	550	921	553	953	860	478	859	50	66	537	591
2	0.066739	442	0	505	550	921	553	953	859	478	859	54	68	75	64	20	540	592	555	590
1	0.133143	446	0	505	548	921	553	953	859	478	858	75	65	555	589
2	0.099643	449	0	506	548	922	553	954	859	479	858	74	64	103	64	30	555	588	576	588
1	0.133128	453	0	505	549	921	553	953	859	478	858	106	63	577	588
2	0.066722	455	0	505	549	921	553	953	859	478	858	104	63	140	59	34	576	588	601	586
1	0.565529	459	0	505	547	921	553	953	857	478	856	141	61	602	586
1	0.166447	477	0	505	548	921	553	953	858	478	857	198	46	643	578
2	0.066412	479	0	505	548	922	553	954	859	478	858	197	51	228	51	28	643	581	664	581
1	0.133543	483	0	504	547	921	553	953	857	477	856	226	57	662	584
2	0.099708	486	0	505	546	923	553	958	857	478	856	223	61	80	67	53	662	585	559	588
1	0.132785	490	0	506	547	923	553	955	858	479	857	80	68	560	589
2	0.066567	492	0	506	546	924	553	956	857	479	856	80	70	65	72	14	560	590	549	591
1	0.46572	496	0	510	551	932	551	966	859	487	858	55	63	546	590
2	0.066733	508	0	528	561	945	561	982	866	506	866	215	44	194	44	20	677	587	662	587
1	0.100063	511	0	525	563	942	563	979	868	501	868	197	42	661	588
2	0.066345	513	0	522	561	940	561	977	865	498	865	202	48	237	48	33	663	590	687	590
1	0.099837	516	0	522	553	942	559	977	866	497	865	232	55	686	589
2	0.133889	520	0	525	556	943	561	977	866	498	866	226	46	47	72	294	684	586	555	601
1	0.099003	523	0	526	555	944	561	977	867	499	866	47	72	556	600
2	0.13343	527	0	527	557	945	561	978	869	500	868	45	66	104	62	30	555	598	598	596
1	0.300822	536	0	525	557	943	561	976	869	498	867	109	62	599	596
2	0.098124	539	0	524	557	942	561	974	868	497	866	100	65	139	59	30	592	597	620	594
1	0.099878	542	0	523	555	941	557	975	866	496	864	140	65	619	595
2	0.066555	544	0	523	554	941	557	976	864	496	864	146	65	171	63	25	624	594	642	593
1	0.13307	548	0	524	557	942	557	977	865	497	864	173	60	643	593
2	0.466451	551	0	524	553	943	559	977	866	497	864	173	61	176	-3	59	645	592	648	552
1	0.232319	569	0	523	554	941	559	975	866	496	865	155	65	630	595
2	0.067104	571	0	523	554	941	559	975	866	496	864	156	62	180	56	23	631	593	648	590
1	0.298888	580	0	523	554	941	559	976	866	496	865	178	58	647	591
2	0.066634	582	0	523	553	941	557	976	865	496	864	187	66	205	63	18	653	594	666	593
1	0.166616	587	0	525	555	943	561	977	867	498	866	202	58	667	593
2	0.099599	588	0	525	555	944	561	977	867	498	866	216	60	232	57	16	677	594	689	592
2	0.066623	591	0	524	555	942	559	977	866	497	866	235	58	102	72	129	688	592	593	600
1	0.33271	601	0	525	554	943	557	976	866	498	864	55	74	560	600
2	0.066865	603	0	524	554	943	557	976	866	497	865	52	72	67	68	16	557	599	568	597
1	0.26615	611	0	524	554	942	559	975	866	497	866	66	69	568	597
2	0.099594	614	0	524	555	943	561	975	866	497	866	66	64	97	69	32	568	595	591	598
1	0.099797	617	0	524	555	942	559	975	866	497	865	99	67	591	597
2	0.06703	619	0	524	555	942	561	976	867	497	866	98	65	125	63	25	591	596	610	595
1	0.166723	624	0	523	553	942	557	976	865	496	865	123	68	608	596
2	0.06581	626	0	523	554	942	562	976	865	496	865	123	66	160	66	36	609	596	635	596
1	0.499083	631	0	522	554	941	557	974	866	495	865	161	63	634	594
1	0.299586	650	0	522	554	940	559	975	866	495	865	195	60	658	592
2	0.066494	652	0	523	554	941	557	975	866	496	865	196	65	239	65	42	659	595	690	595
1	0.399355	655	0	522	553	941	557	976	865	495	864	237	68	688	596
1	0.166505	669	0	523	553	942	557	977	865	496	864	56	77	559	601
2	0.066447	671	0	523	553	942	557	977	865	496	864	54	82	81	81	25	558	604	577	603
1	0.233382	678	0	523	555	942	555	977	864	496	863	79	81	575	604
2	0.066035	680	0	523	555	943	555	977	864	496	863	77	84	114	76	38	573	607	600	601
1	0.499261	695	0	523	553	942	557	975	865	496	864	118	75	604	600
2	0.066568	697	0	522	553	942	555	976	863	495	863	125	74	174	72	49	608	599	643	598
1	0.166275	702	0	523	555	942	555	976	863	496	863	176	70	644	597
2	0.0665	704	0	523	555	942	555	976	864	496	863	176	70	207	70	29	644	597	666	597
1	0.199693	710	0	523	553	942	557	976	865	496	864	205	68	666	596
2	0.066758	712	0	522	557	942	557	976	865	495	864	209	66	235	63	26	667	597	686	595
1	0.299498	721	0	522	553	942	557	976	864	495	864	234	69	687	597
2	0.100174	724	0	522	553	941	555	976	863	495	863	158	79	49	78	118	631	602	553	601
1	0.199094	730	0	522	553	942	557	976	866	495	865	47	78	552	602
2	0.066629	732	0	522	553	941	557	976	865	495	864	48	81	79	79	33	552	603	575	602
1	0.099809	735	0	521	555	940	553	972	863	495	862	83	77	575	602
2	0.06657	737	0	521	555	940	555	975	864	494	863	83	77	114	77	30	576	602	598	602
1	0.099788	740	0	520	553	940	555	974	863	493	863	114	81	598	603
2	0.066449	742	0	520	555	939	555	973	862	494	862	115	77	135	78	20	598	602	612	603
1	0.066725	744	0	520	555	940	555	974	863	493	863	137	78	614	603
2	0.468232	746	0	520	555	939	555	974	864	493	863	142	77	182	78	39	617	602	645	603
1	0.164022	763	0	520	555	939	555	974	864	493	863	237	77	684	602
2	0.066454	765	0	520	557	939	557	973	864	493	864	236	76	110	105	128	684	603	593	621
1	0.166438	770	0	520	555	939	555	974	863	494	861	90	92	579	611
2	0.067929	772	0	520	555	940	555	974	863	494	862	72	92	53	95	19	567	611	553	613
1	0.098482	775	0	520	555	939	555	974	864	493	863	53	96	553	614
2	0.06642	777	0	520	555	939	555	974	863	493	863	53	98	71	96	17	553	615	565	614
1	0.099889	780	0	520	557	939	557	973	864	493	863	68	96	564	615
2	0.066439	782	0	520	555	939	555	972	863	493	863	67	100	98	103	29	563	617	585	619
1	0.199992	788	0	520	553	939	557	974	865	493	864	101	104	587	618
2	0.06622	790	0	520	553	938	557	971	866	493	864	100	105	79	114	23	586	619	571	625
1	0.133258	794	0	520	557	939	557	973	865	493	863	60	116	556	628
2	0.066743	796	0	520	555	939	555	974	863	494	861	61	117	86	112	26	557	627	576	624
1	0.099574	799	0	521	549	940	553	975	862	494	860	84	118	576	623
2	0.066566	801	0	521	549	939	553	973	861	494	860	83	116	116	112	32	575	622	599	620
1	0.099881	804	0	521	548	940	553	973	861	494	860	116	115	599	621
2	0.066377	806	0	520	548	939	553	973	860	493	859	118	116	162	111	45	600	621	632	618
1	0.16673	811	0	521	547	941	551	974	860	494	858	180	111	645	617
2	0.066249	813	0	522	547	941	551	973	859	495	858	178	107	164	109	14	645	615	635	616
1	0.532576	817	0	520	545	939	549	974	857	493	856	167	114	635	617
1	0.366036	831	0	519	546	939	551	973	858	492	856	232	101	681	610
1	0.266795	848	0	520	546	940	551	974	858	493	857	53	125	552	625
2	0.065931	850	0	521	545	941	551	974	858	494	857	46	128	85	123	39	548	626	576	623
1	0.133225	854	0	521	547	940	551	974	859	494	858	85	123	576	624
2	0.06658	856	0	521	547	940	551	972	859	494	858	85	121	102	121	18	576	624	589	624
1	0.099966	859	0	521	547	940	551	972	857	494	857	112	123	596	624
2	0.06689	861	0	520	545	940	551	974	857	493	856	112	124	128	122	16	595	624	607	622
1	0.099203	864	0	521	543	940	547	975	855	494	854	134	122	612	620
2	0.066522	866	0	521	543	940	547	973	855	494	854	136	117	161	116	24	614	617	632	617
1	0.199844	872	0	521	545	940	545	974	852	495	851	177	116	643	617
2	0.066311	874	0	521	543	941	543	973	850	495	849	176	119	217	116	40	642	617	671	615
1	0.067383	876	0	521	543	941	543	975	848	495	848	215	117	670	615
2	0.099078	879	0	523	536	941	539	977	848	496	846	213	127	234	120	22	670	616	686	612
1	0.4992	884	0	522	535	941	539	974	847	495	846	237	118	688	611
1	0.133338	898	0	523	535	942	543	974	847	496	846	45	133	549	619
2	0.066798	900	0	522	534	941	537	974	846	495	845	46	135	75	132	29	548	619	569	618
1	0.232474	907	0	523	535	941	539	974	847	496	846	82	130	576	617
2	0.099947	910	0	523	535	941	539	974	846	496	845	82	130	107	126	21	576	617	594	615
1	0.099654	913	0	522	534	941	537	974	846	495	845	108	127	594	615
2	0.067193	915	0	522	534	941	537	974	846	495	845	107	127	156	124	49	593	615	629	612
1	0.199287	921	0	522	533	942	537	976	845	495	844	153	128	627	614
2	0.066833	923	0	522	534	941	537	974	846	495	845	151	126	202	125	49	625	614	662	613
1	0.099671	926	0	522	533	941	537	973	845	495	844	204	130	664	616
2	0.398892	928	0	522	533	941	537	973	845	495	844	203	128	219	129	16	663	614	675	615
1	0.166488	943	0	522	532	941	535	973	844	495	844	52	141	552	622
2	0.100304	946	0	522	532	942	537	976	845	495	844	48	140	91	139	40	550	621	581	620
1	0.099355	949	0	523	532	942	535	975	845	496	844	88	139	580	620
2	0.0667	951	0	523	533	943	541	975	845	496	844	86	137	147	135	63	579	621	625	620
1	0.199522	957	0	522	533	941	537	973	844	495	844	146	136	622	620
2	0.066585	959	0	521	533	941	537	973	845	494	844	150	135	172	131	24	623	619	640	617
1	0.13304	963	0	521	533	941	537	973	845	494	844	174	135	641	619
2	0.071097	965	0	520	532	940	535	975	843	493	843	181	135	212	134	30	645	618	668	617
1	0.461355	970	0	521	533	941	537	973	845	494	844	209	135	666	619
1	0.199687	985	0	520	533	940	533	972	841	493	840	65	149	559	626
2	0.433706	987	0	522	529	940	533	972	842	494	841	80	150	111	150	30	572	625	595	625
2	0.066028	1000	0	521	531	941	533	973	840	494	840	141	144	179	147	39	616	622	644	624
1	0.132805	1004	0	521	531	941	533	973	839	495	838	180	150	645	626
2	0.066499	1006	0	521	531	940	531	973	839	495	838	183	149	209	153	26	646	624	665	627
1	0.39901	1009	0	521	531	942	531	974	838	495	836	222	147	675	623
1	0.16639	1023	0	586	531	1010	535	1043	848	559	838	8	164	583	634
2	0.10015	1026	0	573	528	995	536	1027	845	546	835	49	168	77	164	42	600	634	620	632
1	0.099597	1029	0	560	526	981	529	1013	839	534	831	90	167	616	632
2	0.066489	1031	0	559	526	979	529	1011	839	533	831	79	174	69	171	11	607	636	599	634
1	0.133461	1035	0	555	523	977	530	1009	835	529	827	71	173	598	632
2	0.066434	1037	0	556	517	977	521	1009	829	529	827	71	180	102	176	31	599	631	622	629
1	0.166103	1042	0	549	501	970	503	1002	810	523	801	112	194	620	622
2	0.100161	1045	0	541	493	965	493	997	796	518	795	116	191	137	171	30	618	613	634	600
1	0.299383	1054	0	541	485	963	491	995	797	518	783	142	181	635	598
2	0.099605	1056	0	544	485	962	491	994	797	517	784	142	182	153	186	11	636	599	644	601
2	0.067061	1059	0	544	484	962	491	994	796	517	783	152	187	103	189	48	644	601	608	602
1	0.39878	1071	0	543	488	962	491	994	801	517	788	76	183	588	602
2	0.066606	1073	0	543	490	962	493	994	803	517	790	76	183	96	186	19	588	604	602	606
1	0.234002	1080	0	543	491	966	495	995	805	517	792	96	184	603	607
2	0.132694	1084	0	542	492	961	495	994	806	516	793	99	180	135	183	36	603	605	629	607
1	0.132536	1088	0	542	491	961	495	994	805	516	792	133	183	628	606
2	0.066514	1090	0	542	492	961	495	994	805	516	793	134	180	155	180	21	629	605	644	605
1	0.100169	1093	0	542	494	961	501	993	808	515	795	161	176	649	606
2	0.099656	1096	0	542	495	960	501	992	809	515	795	161	181	216	178	53	648	609	688	608
1	0.133388	1100	0	541	495	960	501	992	809	514	796	210	176	684	607
2	0.066132	1102	0	541	495	960	501	992	809	514	796	209	175	189	176	20	683	606	668	607
1	0.133087	1106	0	541	495	960	501	992	809	514	795	189	175	668	606
2	0.432597	1108	0	541	495	960	501	992	809	514	796	189	175	169	179	21	668	606	653	608
1	0.099973	1122	0	537	497	960	501	992	811	513	797	199	167	672	603
2	0.066615	1124	0	536	497	959	501	991	812	513	798	198	169	237	170	38	671	604	699	606
1	0.266988	1132	0	537	497	960	501	992	812	514	806	233	168	700	606
2	0.09893	1135	0	536	497	959	501	991	807	513	798	235	176	154	174	68	700	609	640	607
1	0.498975	1150	0	536	495	959	501	991	810	513	804	150	171	639	606
2	0.066543	1152	0	540	494	960	501	992	808	514	794	149	174	166	174	17	638	604	651	604
1	0.19974	1158	0	540	492	960	495	993	807	514	793	175	176	656	603
2	0.066714	1160	0	540	492	960	495	993	807	514	793	176	174	234	169	57	657	602	699	599
1	0.13463	1164	0	540	493	961	500	993	807	514	794	236	170	703	602
2	0.064815	1166	0	541	492	960	495	993	807	515	793	238	174	183	174	57	703	602	663	602
1	0.066523	1168	0	542	493	962	500	994	807	516	794	131	176	628	604
2	0.066597	1170	0	542	494	962	501	994	807	515	803	130	170	60	186	72	629	603	576	613
1	0.200076	1176	0	541	494	961	501	993	808	514	795	63	185	577	610
2	0.099456	1178	0	541	493	962	500	994	807	514	795	71	186	105	182	11	582	609	607	607
1	0.199941	1184	0	542	493	965	495	994	807	516	794	116	185	616	610
2	0.06642	1186	0	541	494	961	501	993	808	514	795	120	182	160	185	40	618	609	647	611
1	0.166254	1191	0	537	494	960	501	992	809	513	795	162	184	646	611
2	0.099813	1194	0	537	494	961	501	993	808	513	795	162	185	206	182	23	647	611	679	610
1	0.100425	1197	0	541	494	961	501	993	808	514	795	204	182	679	610
2	0.066126	1199	0	541	494	960	501	992	808	514	795	204	183	214	180	11	679	610	687	609
1	0.166069	1204	0	540	494	960	501	992	808	514	794	215	180	687	609
2	0.10005	1207	0	541	494	961	501	993	809	514	795	211	180	240	181	20	685	609	706	610
1	0.099792	1210	0	536	496	960	501	992	811	513	805	239	175	704	610
2	0.099747	1213	0	542	497	961	501	993	811	515	798	235	176	46	203	109	702	609	564	624
1	0.16648	1218	0	539	497	961	501	993	811	516	798	47	201	564	623
2	0.066385	1220	0	543	497	962	501	994	811	516	798	46	199	87	199	41	565	622	595	622
1	0.066611	1222	0	545	497	963	503	995	810	518	798	86	198	597	621
2	0.500742	1224	0	544	497	963	501	995	810	517	797	89	197	121	193	32	597	620	621	618
1	0.298868	1246	0	538	490	957	493	989	803	512	790	197	194	670	613
2	0.099011	1249	0	537	490	956	493	988	803	511	790	211	193	40	216	110	679	612	554	625
1	0.199554	1255	0	537	490	960	497	988	803	511	791	38	212	554	624
2	0.066435	1257	0	538	490	960	497	988	803	512	791	46	210	102	213	56	560	622	601	625
1	0.166876	1262	0	538	492	959	499	990	805	512	793	104	208	603	624
2	0.066772	1264	0	538	492	960	499	988	805	512	793	105	207	153	207	48	604	623	639	624
1	0.099271	1267	0	538	493	955	497	988	806	512	794	152	206	637	623
2	0.066563	1269	0	537	493	959	497	988	806	511	794	154	206	201	207	49	638	624	673	625
1	0.299548	1278	0	537	492	955	495	987	805	511	792	211	206	679	622
2	0.099637	1281	0	537	490	956	493	988	804	511	791	213	210	57	231	80	681	623	566	636
1	0.399543	1284	0	537	490	957	493	989	804	511	791	57	223	566	631
1	0.29996	1302	0	539	493	961	497	990	807	513	794	125	223	618	635
2	0.065872	1304	0	539	494	958	501	990	807	513	794	161	217	193	218	33	645	632	669	633
1	0.133163	1308	0	538	495	957	502	989	808	511	795	194	217	668	633
2	0.067638	1310	0	538	494	957	501	989	808	511	795	190	212	217	217	27	666	629	685	633
1	0.16537	1315	0	537	494	956	501	988	809	510	795	222	218	687	634
2	0.066635	1317	0	537	495	956	502	988	809	510	796	220	213	209	218	13	687	632	678	635
1	0.13482	1321	0	537	494	956	501	988	809	510	795	210	217	679	633
2	0.098	1323	0	537	495	957	502	989	809	510	796	211	214	187	214	24	680	632	663	632
2	0.066619	1326	0	538	497	957	503	989	811	511	806	179	209	175	220	10	659	633	656	640
1	0.199543	1332	0	537	496	957	503	989	810	510	796	205	215	675	634
2	0.099854	1334	0	537	495	956	502	988	809	510	796	217	210	209	232	21	684	630	678	644
1	0.532907	1342	0	537	494	957	501	989	809	510	795	227	221	692	637
2	0.066105	1353	0	538	495	958	501	990	809	511	795	57	227	86	224	28	567	639	588	637
1	0.099747	1356	0	538	494	958	501	990	808	511	795	87	226	589	638
2	0.067082	1358	0	538	494	958	501	990	808	511	795	90	226	121	224	31	591	638	614	637
1	0.099413	1361	0	538	493	958	500	990	807	511	802	117	222	613	638
2	0.865232	1363	0	537	491	957	493	990	805	511	792	124	226	149	230	26	614	635	633	638
2	0.066471	1389	0	534	495	953	503	985	811	507	797	283	-18	273	-36	17	730	487	723	477
1	0.16626	1394	0	531	497	951	503	983	813	505	799	276	-32	722	480
2	0.067701	1396	0	521	501	940	503	972	810	494	810	283	-36	330	-31	44	719	480	751	483
1	0.132294	1400	0	503	505	926	505	958	812	481	810	344	-36	744	483
2	0.066478	1402	0	507	507	926	505	958	812	481	810	332	-35	303	-37	28	737	485	717	483
1	0.066305	1404	0	500	507	922	507	954	814	476	811	307	-37	715	484
2	0.066733	1406	0	498	504	919	509	951	816	475	812	306	-36	273	-32	31	713	484	690	486
1	0.199683	1412	0	493	513	913	513	948	820	468	815	282	-43	689	487
2	0.06654	1414	0	487	515	907	515	943	822	463	817	287	-40	343	-40	53	686	491	725	491
1	0.166246	1419	0	478	521	896	519	933	822	457	827	345	-45	718	493
2	0.099892	1422	0	477	521	894	518	931	824	456	828	348	-40	407	-34	58	718	495	759	498
1	0.133001	1426	0	473	523	889	519	926	826	452	830	412	-36	757	498
2	0.066577	1428	0	472	525	889	522	926	827	451	831	411	-41	443	-37	30	756	498	778	500
1	0.099853	1431	0	471	527	887	527	924	831	449	835	463	-42	791	501
2	0.101566	1434	0	470	529	887	529	924	832	448	835	461	-44	312	-34	141	789	503	687	509
1	0.23122	1441	0	470	529	887	529	924	831	448	835	294	-31	675	510
2	0.099787	1444	0	470	529	887	529	924	831	445	835	298	-30	348	-26	39	678	511	712	513
1	0.133077	1448	0	471	529	887	529	924	832	449	835	348	-30	712	511
2	0.067823	1450	0	471	527	888	527	925	830	446	835	348	-30	387	-30	37	713	509	740	509
1	0.098642	1453	0	472	529	889	529	926	831	447	835	385	-35	740	508
2	0.067424	1455	0	473	529	893	529	926	832	451	837	382	-34	424	-36	40	741	508	770	507
1	0.199004	1461	0	472	531	888	531	925	833	450	837	430	-37	770	508
2	0.066457	1463	0	471	531	887	531	924	833	449	837	454	-36	478	-36	21	785	509	801	509
1	0.09968	1466	0	471	531	888	529	925	833	446	837	475	-32	800	510
2	0.465858	1469	0	471	531	887	529	925	839	446	837	477	-32	301	-17	83	799	510	678	519
1	0.332701	1490	0	473	533	889	533	926	836	451	840	310	-11	689	526
2	0.067019	1492	0	472	533	889	531	926	835	450	839	306	-7	326	-8	20	685	527	699	526
1	0.166369	1497	0	472	531	888	531	925	835	450	838	325	-7	698	526
2	0.066883	1499	0	471	531	888	531	925	834	449	838	325	-7	346	-11	18	698	526	712	524
1	0.232252	1506	0	470	531	886	527	923	836	448	838	356	-3	716	526
2	0.066506	1508	0	470	531	886	531	923	835	448	838	351	-7	389	-7	35	714	526	740	526
1	0.199752	1514	0	469	531	886	531	923	835	447	838	395	-10	744	525
2	0.066544	1516	0	471	531	887	531	924	835	449	838	394	-11	413	-7	18	744	524	757	526
1	0.099803	1519	0	471	531	888	531	925	835	449	838	419	-7	763	526
2	0.066462	1521	0	472	533	888	533	925	836	450	840	420	-8	442	-7	19	764	527	779	528
1	0.166432	1526	0	472	533	888	533	925	835	450	839	461	-6	792	529
2	0.099931	1529	0	472	533	889	533	926	836	448	840	461	-5	426	-6	30	793	530	769	529
1	0.233357	1536	0	470	531	888	529	925	835	446	839	429	0	769	529
2	0.066138	1538	0	470	531	887	531	924	834	448	839	421	-5	294	13	121	763	528	676	539
1	0.200357	1544	0	471	531	888	528	925	835	446	839	301	15	681	538
2	0.066497	1546	0	471	531	892	531	925	835	449	838	301	13	331	7	29	683	539	704	535
1	0.099176	1549	0	471	531	888	531	925	836	446	839	335	7	705	535
2	0.067063	1551	0	471	531	888	528	925	836	449	839	335	10	363	8	25	704	535	723	534
1	0.099679	1554	0	473	531	889	527	926	835	451	840	363	11	725	535
2	0.465497	1557	0	472	533	893	529	926	836	447	840	365	7	402	6	21	728	535	754	534
1	0.365991	1579	0	466	525	885	520	923	830	444	833	454	6	783	525
2	0.06653	1581	0	466	525	886	519	924	830	445	832	463	6	481	6	18	789	524	802	524
1	0.100692	1584	0	465	523	885	520	923	830	443	833	481	7	802	525
2	0.066491	1586	0	465	523	885	520	923	831	443	833	443	-1	345	1	97	775	520	706	522
1	0.099954	1589	0	464	523	885	527	922	832	442	834	342	-6	706	521
2	0.099004	1592	0	465	527	885	527	922	832	443	833	343	-7	309	-6	33	705	522	681	523
1	0.166362	1597	0	466	525	887	527	924	832	444	835	306	-6	682	522
2	0.066954	1599	0	467	527	888	527	925	831	445	833	306	-2	318	3	13	682	525	691	529
1	0.066187	1601	0	467	525	887	520	925	831	445	833	331	18	698	533
2	0.0665	1603	0	468	525	888	520	926	831	446	834	330	15	305	22	24	698	531	681	536
1	0.199675	1609	0	470	525	893	521	928	831	448	835	283	25	670	538
2	0.066744	1611	0	470	525	894	527	928	831	448	835	283	17	320	18	34	672	536	698	537
1	0.099699	1614	0	470	527	894	527	928	833	448	837	320	17	697	537
2	0.066986	1616	0	470	527	891	527	928	833	446	837	323	17	374	16	50	698	537	734	536
1	0.19919	1622	0	471	525	894	525	929	830	446	835	372	18	735	536
2	0.067206	1624	0	471	525	894	520	929	831	446	835	375	19	407	21	31	735	534	758	534
1	0.099231	1627	0	471	527	895	527	929	832	447	836	403	13	757	535
2	0.099795	1630	0	472	527	895	527	929	832	447	832	405	16	445	13	38	758	536	786	535
1	0.133449	1634	0	471	527	895	527	930	839	448	833	448	13	786	535
2	0.06636	1636	0	472	529	896	529	929	833	448	833	445	12	469	11	22	787	536	803	535
1	0.100161	1639	0	472	529	892	529	929	833	447	838	471	12	803	536
2	0.099287	1642	0	472	527	896	527	930	833	448	838	466	17	302	32	109	803	537	687	546
1	0.133395	1646	0	472	527	896	527	930	839	447	837	306	31	688	546
2	0.066338	1648	0	473	527	897	527	931	832	449	832	304	29	291	32	12	688	545	679	546
1	0.066748	1650	0	473	527	897	527	931	832	449	832	295	32	681	546
2	0.066363	1652	0	473	527	897	527	931	832	449	832	293	29	354	24	61	680	545	724	542
1	0.499088	1658	0	473	529	897	529	931	834	450	834	355	24	724	544
1	0.100025	1670	0	471	532	894	532	928	836	447	841	421	23	770	546
2	0.066593	1672	0	471	531	894	531	927	836	446	841	421	27	432	28	10	770	547	778	548
1	0.399193	1684	0	471	533	893	533	928	838	447	843	462	22	798	546
2	0.066541	1686	0	471	533	893	533	928	838	447	843	470	19	432	19	35	803	545	777	545
1	0.199466	1692	0	473	533	895	533	930	838	448	838	429	22	775	546
2	0.066617	1694	0	472	533	895	533	929	838	448	838	430	22	440	22	10	776	546	783	546
1	0.167254	1699	0	472	533	895	533	930	839	448	839	439	22	782	546
2	0.065639	1701	0	472	533	895	533	930	843	448	842	458	23	480	22	22	795	547	811	546
1	0.10006	1704	0	472	533	895	533	929	838	447	838	481	22	812	546
2	0.066373	1706	0	472	533	895	533	930	838	447	838	481	21	322	42	156	812	545	700	558
1	0.266502	1714	0	471	533	894	533	929	838	447	843	293	38	680	556
2	0.432878	1716	0	471	533	893	533	929	838	447	843	297	37	348	33	49	682	555	718	553
1	0.49859	1742	0	478	533	898	533	934	844	451	838	314	26	696	548
2	0.066648	1744	0	475	533	898	533	934	844	451	838	314	28	335	28	19	695	550	710	550
1	0.299329	1747	0	475	527	898	533	934	844	451	839	334	32	711	550
1	0.266294	1760	0	473	528	896	531	932	843	449	838	426	34	774	551
2	0.099848	1763	0	472	530	896	533	932	844	448	838	420	32	471	28	32	769	551	805	549
1	0.100002	1766	0	475	533	895	533	932	844	448	839	469	28	804	550
2	0.066477	1768	0	475	533	896	533	931	843	448	844	465	28	299	34	163	803	550	685	554
1	0.200121	1774	0	476	532	895	535	931	845	449	840	298	37	684	556
2	0.066183	1776	0	476	532	895	535	931	845	449	840	297	39	312	48	16	683	557	694	563
1	0.166254	1781	0	472	535	895	535	931	846	448	840	319	50	696	566
2	0.066673	1783	0	476	533	896	533	932	844	449	838	316	53	326	54	9	696	565	703	566
1	0.099678	1786	0	473	529	896	533	931	843	449	838	328	56	705	565
2	0.066543	1788	0	473	529	896	531	932	844	449	838	335	57	354	57	18	709	565	722	565
1	0.199889	1794	0	472	531	895	531	930	843	447	837	352	55	720	565
2	0.066755	1796	0	471	531	895	531	930	837	447	837	351	54	362	49	11	720	564	728	561
1	0.066301	1798	0	472	531	895	531	930	842	447	836	365	49	728	561
2	0.066342	1800	0	472	531	896	531	931	843	447	837	363	50	308	53	55	728	562	688	563
1	0.199643	1806	0	471	531	895	531	930	837	446	837	309	53	690	563
2	0.066841	1808	0	471	531	894	531	929	842	447	836	323	51	342	49	18	698	562	711	561
1	0.100557	1811	0	471	531	895	531	930	836	447	836	339	48	711	560
2	0.066258	1813	0	474	531	896	531	930	836	447	842	336	49	368	49	33	713	561	736	561
1	0.09944	1816	0	474	531	895	531	930	837	447	842	371	53	737	563
2	0.465578	1818	0	471	531	895	531	930	837	447	837	373	53	406	50	31	736	563	759	562
1	0.099779	1833	0	470	527	894	531	929	837	446	842	444	43	788	556
2	0.066664	1835	0	470	531	894	531	929	837	446	842	445	43	480	43	33	788	557	812	557
1	0.132995	1839	0	473	531	895	531	928	836	446	836	482	47	814	559
2	0.099998	1842	0	471	531	894	531	930	836	446	836	445	47	292	63	153	786	559	677	569
1	0.133271	1846	0	471	531	895	531	930	837	447	837	291	63	677	569
2	0.06641	1848	0	470	531	894	531	928	842	445	841	293	57	340	60	46	677	566	711	568
1	0.133461	1852	0	470	531	893	531	927	836	445	836	338	59	709	567
2	0.066095	1854	0	469	531	893	531	928	844	445	843	339	59	325	59	14	709	568	699	568
1	0.133095	1858	0	468	530	892	531	926	840	444	845	322	62	698	569
2	0.066572	1860	0	468	530	891	530	926	840	444	845	322	64	368	63	45	697	570	730	569
1	0.366086	1871	0	451	541	871	535	912	840	429	855	406	52	739	568
2	0.099727	1874	0	447	544	870	537	910	843	428	857	402	53	436	54	32	734	572	759	572
1	0.233654	1881	0	448	541	871	535	912	840	430	854	465	52	780	568
2	0.066251	1883	0	453	539	873	535	915	848	431	849	419	55	300	71	92	747	570	663	581
1	0.132842	1887	0	453	539	873	534	914	838	431	854	298	69	666	579
2	0.067358	1889	0	453	539	873	533	914	838	431	853	299	69	313	69	14	666	578	676	578
1	0.065768	1891	0	454	535	874	533	914	837	433	846	315	72	678	578
2	0.066263	1893	0	455	535	875	532	916	837	434	846	316	72	369	70	51	679	577	717	576
1	0.200291	1899	0	457	535	877	533	919	845	435	847	371	69	719	576
2	0.099354	1902	0	457	535	877	532	915	844	436	846	373	72	429	66	54	720	578	760	574
1	0.233217	1909	0	459	537	880	537	917	844	437	847	426	61	761	574
2	0.066638	1911	0	459	537	880	537	917	844	437	847	427	62	460	65	32	762	575	785	576
1	0.166013	1916	0	459	535	880	537	917	844	438	846	459	62	785	575
2	0.099738	1918	0	458	535	880	537	917	844	437	846	461	63	472	65	11	786	575	794	576
2	0.066779	1921	0	459	535	880	537	917	843	438	845	472	65	356	76	114	794	576	712	583
1	0.099651	1924	0	458	535	879	532	917	843	437	845	357	77	710	581
2	0.099785	1927	0	458	537	879	537	916	845	436	847	356	75	322	91	34	710	583	686	593
1	0.166572	1932	0	459	537	880	537	917	845	437	848	320	90	686	592
2	0.100663	1935	0	459	539	880	536	918	846	437	849	323	88	362	91	39	687	592	716	593
1	0.232032	1942	0	458	537	879	537	916	844	436	848	371	90	722	592
2	0.066567	1944	0	458	537	880	537	917	844	436	848	367	91	407	88	41	720	593	749	591
1	0.166416	1949	0	459	537	880	537	917	844	437	848	405	88	747	591
2	0.066628	1951	0	459	537	880	537	918	846	437	849	404	83	397	73	10	746	588	741	582
1	0.099715	1954	0	459	539	880	536	918	846	437	849	400	74	742	583
2	0.066396	1956	0	460	539	880	536	918	846	438	849	401	75	435	73	33	743	583	767	582
1	0.100316	1959	0	461	539	880	536	918	847	439	850	434	76	767	584
2	0.0662	1961	0	461	541	880	537	918	848	439	852	408	71	338	77	68	748	582	698	587
1	0.16632	1966	0	461	541	880	538	918	849	439	852	339	77	699	587
2	0.06662	1968	0	461	541	880	537	918	848	439	852	338	75	323	77	14	698	585	688	587
1	0.166345	1973	0	461	539	881	537	919	848	439	851	315	76	683	585
2	0.066698	1975	0	461	539	881	536	919	847	439	850	315	75	292	77	22	682	583	666	585
1	0.199515	1981	0	459	537	880	537	918	846	437	849	293	79	666	586
2	0.0665	1983	0	460	537	880	537	918	846	438	849	291	76	362	87	72	665	584	717	591
1	0.100753	1986	0	460	539	881	536	919	846	438	849	362	81	716	587
2	0.065652	1988	0	460	539	880	536	918	846	438	850	362	81	341	82	21	716	587	701	588
1	0.166381	1993	0	460	539	881	539	919	846	438	850	323	86	689	592
2	0.066816	1995	0	461	539	882	539	920	846	439	849	338	84	360	87	22	701	591	717	592
1	0.066237	1997	0	461	537	882	537	919	845	436	848	361	88	717	591
2	0.100623	2000	0	460	537	881	537	919	846	435	849	378	86	404	86	37	728	590	747	590
1	0.132378	2004	0	460	539	881	539	919	846	438	849	404	82	747	589
2	0.066498	2006	0	459	537	880	537	917	844	437	848	405	83	430	85	24	747	588	765	589
1	0.100609	2009	0	460	537	881	537	918	844	435	848	428	86	765	590
2	0.065892	2011	0	459	537	880	537	918	846	434	849	432	85	480	85	49	766	589	801	589
1	0.266116	2019	0	459	537	880	537	917	844	437	848	476	88	798	591
2	0.067133	2021	0	460	537	881	537	918	844	438	848	471	90	333	97	135	795	592	697	597
1	0.166534	2026	0	459	537	880	537	917	844	437	847	302	98	673	598
2	0.066798	2028	0	459	537	880	537	917	844	437	848	298	96	287	102	13	671	596	663	600
1	0.068992	2030	0	459	537	880	537	917	844	437	847	286	101	662	599
2	0.09725	2033	0	458	535	879	537	916	844	437	846	289	105	359	101	75	663	601	714	599
1	0.099112	2036	0	458	537	879	537	916	844	436	848	360	98	714	598
2	0.066729	2038	0	458	537	879	537	916	844	436	848	356	97	346	97	9	711	597	704	597
1	0.066509	2040	0	459	537	879	537	916	844	437	847	345	97	704	597
2	0.066495	2042	0	458	537	879	537	916	844	436	847	345	97	378	96	32	703	597	727	596
1	0.133751	2046	0	458	537	879	537	916	844	436	847	392	95	737	595
2	0.065862	2048	0	458	537	879	537	916	844	436	847	392	95	427	96	34	737	595	762	596
1	0.532534	2052	0	458	537	879	537	916	844	436	847	426	93	761	594
1	0.233253	2071	0	458	535	879	531	917	842	437	845	482	98	801	593
2	0.099384	2074	0	459	535	880	531	918	842	438	845	458	105	298	116	185	785	597	670	605
1	0.199758	2080	0	459	535	880	531	918	842	438	845	298	116	670	605
2	0.066531	2082	0	459	535	879	531	917	842	438	845	300	111	340	108	40	670	603	699	601
1	0.166608	2087	0	459	535	880	531	918	842	438	846	337	110	698	601
2	0.066753	2089	0	459	535	879	531	917	842	434	846	342	111	373	113	30	701	602	723	603
1	0.332922	2099	0	458	535	879	529	917	842	434	845	375	113	723	602
2	0.132461	2103	0	457	535	878	530	916	841	436	844	376	110	338	112	37	723	600	696	602
1	0.133035	2107	0	457	535	878	529	916	842	433	845	339	113	696	602
2	0.09982	2110	0	458	535	878	530	916	842	437	845	336	111	365	108	14	695	602	716	600
1	0.232993	2117	0	455	531	874	531	912	840	433	842	404	108	742	599
2	0.067163	2119	0	451	535	870	528	908	832	430	841	419	109	431	105	13	748	597	757	594
1	0.165786	2124	0	450	535	871	528	912	832	428	847	441	107	766	595
2	0.099696	2127	0	447	531	867	524	907	829	425	844	441	113	390	108	47	763	595	726	593
1	0.698886	2136	0	445	533	868	526	909	831	426	845	391	104	726	593
1	0.43257	2161	0	454	527	874	525	916	838	432	839	469	111	788	595
2	0.066632	2163	0	454	529	874	525	912	838	432	839	482	111	352	150	130	796	595	703	621
1	0.133044	2167	0	455	529	874	525	912	838	433	839	369	113	715	598
2	0.067522	2169	0	453	533	874	526	915	838	432	839	370	111	347	113	21	714	598	698	599
1	0.39833	2172	0	453	531	873	525	914	838	431	839	350	113	699	598
2	0.066478	2183	0	447	531	871	524	911	829	429	843	456	120	485	121	28	777	600	798	601
1	0.233231	2190	0	450	531	870	524	910	828	428	843	487	126	800	603
2	0.066283	2192	0	452	531	871	525	911	830	430	845	420	130	308	145	113	753	608	672	619
1	0.465858	2200	0	458	527	877	523	915	835	436	837	309	141	675	614
1	0.133724	2210	0	459	527	879	524	917	832	437	836	438	120	771	599
2	0.066215	2212	0	460	527	879	522	917	834	438	837	440	117	472	121	32	772	597	795	599
1	0.133038	2216	0	458	531	877	531	915	838	436	841	472	112	794	601
2	0.066599	2218	0	462	531	881	528	919	838	440	840	469	117	419	112	50	795	602	759	599
1	0.232997	2225	0	457	529	877	529	914	836	435	838	424	111	759	598
2	0.066256	2227	0	457	527	876	524	914	836	435	837	425	115	452	113	27	758	597	777	596
1	0.100004	2230	0	439	539	863	524	902	828	420	850	466	109	775	595
2	0.066519	2232	0	426	543	845	521	890	824	409	855	471	113	374	127	97	763	595	694	607
1	0.368416	2243	0	533	572	935	449	1064	737	599	870	219	109	696	592