1	0.099693	2	0	526	535	941	546	967	848	494	838	178	10
2	0.066541	4	0	527	534	941	546	967	848	495	838	176	11	205	13	26
1	0.099755	7	0	525	537	940	546	969	849	493	839	206	10
2	0.06702	9	0	525	536	940	545	969	848	493	838	206	12	231	6	25
1	0.099518	12	0	522	536	940	544	969	847	492	837	237	7
2	0.099799	14	0	523	535	940	543	967	846	493	836	237	8	251	10	12
2	0.099765	18	0	526	543	944	543	973	847	495	836	249	1	80	15	163
1	0.100264	21	0	528	543	945	543	971	848	497	837	75	13
2	0.099368	24	0	527	534	944	545	973	850	497	838	74	26	52	34	21
1	0.10102	27	0	529	535	944	545	973	848	497	840	51	32
2	0.067849	30	0	529	538	943	552	970	852	497	842	79	27	131	30	51
1	0.231088	36	0	525	539	942	547	970	849	494	849	134	27
2	0.066696	38	0	525	540	942	548	971	849	495	841	142	26	172	23	29
1	0.165641	43	0	525	547	943	547	971	850	495	842	175	13
2	0.066813	45	0	524	539	942	547	968	849	494	841	174	24	232	10	56
1	0.432224	49	0	523	539	941	547	970	848	493	840	231	12
1	0.067057	60	0	523	540	941	547	970	849	493	841	45	28
2	0.099512	63	0	524	539	942	545	971	848	494	840	42	28	76	15	25
1	0.132999	67	0	523	538	942	545	971	848	494	840	79	22
2	0.067415	69	0	524	539	942	545	971	849	494	841	80	26	91	23	11
1	0.499018	72	0	523	538	942	546	971	848	496	840	96	25
2	0.066015	86	0	522	539	941	545	969	849	492	841	149	25	188	18	39
1	0.133256	90	0	522	539	942	547	970	848	493	840	187	21
2	0.066173	92	0	522	539	941	547	970	849	491	849	189	21	212	22	22
1	0.099869	95	0	523	538	942	546	971	849	493	841	215	21
2	0.066604	97	0	522	538	938	546	970	848	493	840	232	18	249	22	15
1	0.099842	100	0	523	538	942	546	971	848	493	840	243	20
2	0.066416	102	0	523	539	942	547	970	851	493	841	242	17	71	42	165
1	0.133169	106	0	522	536	941	548	968	852	493	842	74	39
2	0.067071	108	0	523	539	939	547	968	850	491	842	69	33	54	36	15
1	0.099388	111	0	523	539	939	547	968	849	491	841	54	35
2	0.066543	113	0	521	535	939	547	968	850	491	842	64	40	100	36	36
1	0.132917	117	0	520	539	939	547	968	849	489	849	98	31
2	0.066984	119	0	519	539	937	547	966	850	490	842	110	28	122	32	12
1	0.09957	122	0	517	539	933	546	965	850	487	842	125	30
2	0.066753	124	0	517	539	932	546	964	849	487	841	124	31	142	30	16
1	0.099704	127	0	515	540	933	547	962	850	485	842	145	31
2	0.066519	129	0	514	540	932	547	961	850	483	850	141	32	165	30	23
1	0.232983	136	0	508	540	924	545	956	849	478	849	188	32
2	0.067389	138	0	507	540	923	545	955	849	481	841	188	31	168	32	20
1	0.132631	142	0	507	540	923	545	955	849	481	841	168	31
2	0.066597	144	0	507	540	922	545	954	849	481	841	178	32	227	34	47
1	0.132846	148	0	506	541	922	547	954	850	480	849	225	30
2	0.099574	150	0	507	541	922	547	954	850	481	849	223	30	239	32	17
2	0.09982	154	0	507	542	922	545	954	850	481	842	247	34	78	43	103
1	0.133433	158	0	507	542	922	545	954	851	480	850	75	44
2	0.099639	161	0	506	542	922	545	954	851	480	849	77	43	63	48	15
1	0.133017	165	0	506	541	922	545	954	851	480	849	62	46
2	0.066428	167	0	507	542	922	547	954	851	480	850	62	45	103	41	42
1	0.166575	172	0	507	542	922	547	954	852	480	851	102	43
2	0.066859	174	0	507	542	922	547	954	851	481	849	102	44	115	39	12
1	0.265787	182	0	507	543	922	547	954	853	480	852	124	30
2	0.066744	184	0	507	543	923	547	955	853	480	852	125	36	112	36	12
1	0.09964	187	0	507	542	922	547	954	852	481	844	112	39
2	0.099953	190	0	507	542	923	547	955	852	480	851	111	40	169	39	41
1	0.166418	195	0	507	542	923	547	955	852	481	844	169	37
2	0.43247	197	0	507	543	922	550	954	853	480	852	167	35	221	37	51
1	0.067144	210	0	508	544	923	549	955	854	482	846	205	26
2	0.065876	212	0	507	544	922	549	954	854	481	846	205	26	181	15	26
1	0.333696	222	0	507	544	922	549	954	854	481	846	167	6
2	0.066058	224	0	507	544	922	547	954	853	481	845	195	11	242	10	44
1	0.132735	228	0	507	544	922	547	954	854	480	852	236	8
2	0.066495	230	0	507	544	922	549	954	854	481	846	229	11	78	26	144
1	0.100106	233	0	506	544	921	549	953	854	479	853	81	24
2	0.066242	235	0	505	544	920	547	952	854	478	853	81	26	189	36	104
1	0.133253	239	0	505	544	920	547	952	854	478	853	218	43
2	0.066717	241	0	505	544	920	549	952	853	478	852	217	40	240	36	22
1	0.499023	247	0	505	544	920	547	952	854	475	853	242	38
1	0.100051	259	0	506	545	921	551	953	855	479	854	68	53
2	0.066328	261	0	506	545	921	549	953	855	479	854	69	54	106	50	36
1	0.166264	266	0	505	544	921	549	953	853	478	853	107	51
2	0.066711	268	0	506	544	921	549	953	854	479	853	107	48	136	50	28
1	0.465797	282	0	506	545	921	549	953	855	480	847	129	48
2	0.06674	284	0	506	545	920	549	952	855	479	854	121	48	81	49	39
1	0.499409	288	0	506	546	921	553	952	856	476	848	81	47
1	0.7323	321	0	503	553	920	553	952	857	477	856	92	36
2	0.099741	324	0	504	547	920	553	952	857	477	856	99	41	194	36	38
1	0.16565	329	0	504	547	920	553	955	857	477	856	195	38
2	0.066817	331	0	503	553	919	553	950	857	477	855	199	30	178	35	21
1	0.132962	335	0	503	553	919	553	955	857	477	857	176	37
2	0.100442	338	0	503	553	920	553	955	857	477	856	176	36	209	33	29
1	0.365506	340	0	504	553	920	553	952	857	478	855	222	35
1	0.133214	353	0	505	548	920	553	952	859	478	857	72	55
2	0.066364	355	0	505	549	920	553	952	858	474	857	87	53	166	48	77
1	0.26662	363	0	505	547	921	553	953	857	478	856	166	45
2	0.066197	365	0	504	546	920	553	951	856	477	856	168	44	193	43	25
1	0.068817	367	0	504	546	921	553	953	857	477	856	192	41
2	0.064291	369	0	505	547	921	553	953	857	478	856	195	40	122	53	77
1	0.166323	374	0	505	548	920	553	952	858	478	857	72	56
2	0.066986	376	0	504	548	920	553	952	858	477	856	78	56	130	55	50
1	0.09944	379	0	504	547	920	553	952	857	477	856	130	56
2	0.066614	381	0	505	547	921	553	953	857	478	855	128	55	160	51	31
1	0.133055	385	0	505	547	921	553	953	857	478	856	156	51
2	0.099906	388	0	504	547	920	553	952	858	477	850	160	55	131	56	27
1	0.099718	391	0	505	548	921	553	953	858	478	857	128	53
2	0.066567	393	0	504	548	920	553	952	858	477	856	131	54	215	50	81
1	0.266306	401	0	505	549	920	555	952	859	478	858	212	49
2	0.066426	403	0	505	549	920	555	952	859	478	858	213	49	227	50	13
1	0.133276	407	0	504	548	919	553	951	858	477	857	232	49
2	0.099723	409	0	504	548	920	553	952	858	477	857	232	48	243	48	11
2	0.066716	412	0	505	548	921	553	953	857	478	857	243	48	116	59	126
1	0.665798	422	0	505	548	920	553	951	857	478	857	62	63
1	0.265801	440	0	506	550	921	553	953	861	479	859	49	67
2	0.066739	442	0	505	550	921	553	953	860	478	859	55	68	75	64	20
1	0.133143	446	0	505	549	921	553	957	859	478	858	75	65
2	0.099643	449	0	505	548	921	553	953	859	478	858	75	64	104	64	30
1	0.133128	453	0	505	549	921	553	953	859	478	858	106	63
2	0.066722	455	0	505	549	921	553	953	859	478	858	104	63	140	59	34
1	0.565529	459	0	505	548	921	553	956	856	478	856	140	61
1	0.166447	477	0	505	547	922	553	954	858	478	856	197	47
2	0.066412	479	0	505	547	922	553	954	858	478	857	197	52	228	52	28
1	0.133543	483	0	505	549	921	555	953	860	478	859	224	54
2	0.099708	486	0	504	547	922	553	953	856	477	856	225	59	81	66	53
1	0.132785	490	0	506	546	923	553	955	858	479	857	80	69
2	0.066567	492	0	506	547	923	553	955	858	479	857	80	69	65	71	14
1	0.46572	496	0	507	546	924	553	956	857	480	856	60	70
2	0.066733	508	0	530	559	947	554	985	863	508	868	212	49	191	49	20
1	0.100063	511	0	528	561	946	561	983	866	506	866	192	45
2	0.066345	513	0	525	563	942	563	979	868	501	868	199	45	233	45	33
1	0.099837	516	0	522	561	940	561	977	865	498	865	235	47
2	0.133889	520	0	525	556	944	561	977	866	498	866	226	46	47	72	294
1	0.099003	523	0	525	556	944	561	978	867	498	866	48	71
2	0.13343	527	0	526	556	944	561	976	868	499	867	46	67	105	64	30
1	0.300822	536	0	526	557	943	561	977	867	499	867	107	62
2	0.098124	539	0	524	556	942	561	976	868	497	867	100	65	139	60	30
1	0.099878	542	0	524	555	941	559	975	867	497	865	139	64
2	0.066555	544	0	519	555	941	557	976	866	496	864	151	63	176	61	25
1	0.13307	548	0	523	554	942	557	976	864	496	864	172	62
2	0.466451	551	0	524	557	943	557	977	864	497	870	173	57	176	-7	59
1	0.232319	569	0	523	555	941	559	975	866	496	865	155	63
2	0.067104	571	0	523	554	941	559	975	866	496	865	156	61	179	56	23
1	0.298888	580	0	523	554	941	557	976	864	496	864	178	60
2	0.066634	582	0	523	554	941	559	976	866	496	865	186	63	205	61	18
1	0.166616	587	0	524	553	942	557	975	865	497	865	205	62
2	0.099599	588	0	524	554	942	557	977	866	497	865	220	63	237	61	16
2	0.066623	591	0	524	555	943	561	975	867	497	866	233	56	101	71	129
1	0.33271	601	0	525	554	943	557	976	866	498	865	55	74
2	0.066865	603	0	524	553	943	557	978	866	497	865	52	74	67	71	16
1	0.26615	611	0	524	555	942	559	975	867	497	866	66	67
2	0.099594	614	0	524	555	943	561	975	867	497	866	66	64	97	69	32
1	0.099797	617	0	524	555	943	561	977	867	497	867	98	67
2	0.06703	619	0	524	555	943	561	977	866	497	865	98	66	125	63	25
1	0.166723	624	0	523	554	941	557	976	866	496	865	125	68
2	0.06581	626	0	523	553	942	557	975	866	496	865	125	68	161	67	36
1	0.499083	631	0	522	553	941	557	974	865	495	864	161	65
1	0.299586	650	0	522	554	940	559	975	865	495	865	195	60
2	0.066494	652	0	522	554	941	559	975	865	495	865	196	65	238	65	42
1	0.399355	655	0	523	554	941	557	976	866	496	865	237	67
1	0.166505	669	0	523	553	943	561	975	865	496	864	55	76
2	0.066447	671	0	523	553	942	557	975	865	496	864	55	82	81	80	25
1	0.233382	678	0	523	555	942	555	977	864	496	863	79	81
2	0.066035	680	0	523	555	943	555	977	864	496	863	77	84	114	76	38
1	0.499261	695	0	523	553	942	557	977	865	496	864	118	76
2	0.066568	697	0	523	553	942	557	976	865	496	864	123	73	172	72	49
1	0.166275	702	0	522	555	942	555	976	864	495	863	177	69
2	0.0665	704	0	523	555	942	555	974	864	496	863	175	69	207	69	29
1	0.199693	710	0	522	555	941	555	976	864	495	863	208	67
2	0.066758	712	0	522	553	941	557	976	865	495	864	208	69	234	66	26
1	0.299498	721	0	522	553	941	557	976	865	495	864	235	69
2	0.100174	724	0	522	553	942	557	976	864	495	864	157	78	48	77	118
1	0.199094	730	0	522	553	941	557	973	864	495	864	47	79
2	0.066629	732	0	522	554	942	557	976	866	495	865	48	79	79	77	33
1	0.099809	735	0	522	551	941	555	973	863	494	863	80	81
2	0.06657	737	0	521	555	941	553	975	863	495	862	83	77	115	77	30
1	0.099788	740	0	521	555	941	555	974	865	494	864	113	78
2	0.066449	742	0	520	555	940	555	974	864	493	863	116	77	134	78	20
1	0.066725	744	0	520	555	939	555	973	862	494	862	137	78
2	0.468232	746	0	520	555	940	555	972	863	493	863	141	76	181	78	39
1	0.164022	763	0	520	555	940	555	972	864	493	863	236	76
2	0.066454	765	0	520	555	939	555	974	864	493	863	237	78	109	107	128
1	0.166438	770	0	520	555	939	555	973	862	494	862	90	91
2	0.067929	772	0	520	555	939	555	974	863	494	862	72	92	53	95	19
1	0.098482	775	0	520	555	940	555	972	864	493	863	53	95
2	0.06642	777	0	520	555	939	555	974	864	493	863	53	98	71	96	17
1	0.099889	780	0	520	555	939	555	974	863	493	863	68	98
2	0.066439	782	0	520	553	939	557	971	863	493	863	67	102	97	105	29
1	0.199992	788	0	520	553	939	557	974	865	493	864	101	104
2	0.06622	790	0	520	553	939	557	972	865	493	864	98	105	78	113	23
1	0.133258	794	0	520	554	939	557	973	865	493	865	58	118
2	0.066743	796	0	520	557	939	557	974	865	493	863	61	114	87	109	26
1	0.099574	799	0	520	555	940	555	974	863	494	861	86	111
2	0.066566	801	0	521	549	940	553	975	862	494	860	83	117	116	113	32
1	0.099881	804	0	517	549	940	553	974	860	494	860	120	113
2	0.066377	806	0	521	548	940	553	973	861	494	860	117	115	161	110	45
1	0.16673	811	0	521	548	940	551	973	859	494	859	179	108
2	0.066249	813	0	521	547	941	551	973	860	494	858	179	107	165	108	14
1	0.532576	817	0	521	545	940	549	974	857	494	856	166	115
1	0.366036	831	0	520	547	939	551	973	857	493	857	230	100
1	0.266795	848	0	520	546	940	551	974	858	493	857	53	125
2	0.065931	850	0	520	546	940	551	972	857	493	857	47	126	86	121	39
1	0.133225	854	0	522	546	941	551	973	857	495	857	82	124
2	0.06658	856	0	521	547	940	551	974	859	494	858	85	123	102	122	18
1	0.099966	859	0	521	547	940	551	974	859	494	858	112	122
2	0.06689	861	0	520	546	940	551	974	858	493	857	112	123	128	120	16
1	0.099203	864	0	521	545	940	549	974	857	494	856	135	120
2	0.066522	866	0	521	544	940	547	975	855	494	854	137	117	162	117	24
1	0.199844	872	0	520	545	940	545	972	853	493	852	180	116
2	0.066311	874	0	520	545	940	545	972	852	494	851	178	116	218	112	40
1	0.067383	876	0	521	543	941	543	975	850	495	849	215	117
2	0.099078	879	0	522	537	941	541	974	847	495	847	212	125	234	117	22
1	0.4992	884	0	523	535	941	539	976	847	495	852	234	119
1	0.133338	898	0	523	535	943	541	977	847	496	845	46	134
2	0.066798	900	0	522	535	941	539	974	847	495	846	46	132	75	131	29
1	0.232474	907	0	523	535	943	541	975	847	496	845	82	130
2	0.099947	910	0	522	535	942	539	975	847	495	846	83	131	108	127	21
1	0.099654	913	0	523	534	942	539	977	846	496	845	107	128
2	0.067193	915	0	522	534	942	537	977	846	495	845	107	129	156	124	49
1	0.199287	921	0	522	533	942	537	976	845	495	844	153	128
2	0.066833	923	0	522	533	942	537	975	845	495	844	151	128	201	126	49
1	0.099671	926	0	522	534	942	537	975	846	495	845	205	130
2	0.398892	928	0	522	533	942	537	975	845	495	844	202	127	220	130	16
1	0.166488	943	0	521	531	941	535	975	844	494	843	53	144
2	0.100304	946	0	522	532	942	535	976	844	495	844	48	140	91	139	40
1	0.099355	949	0	523	532	943	535	977	844	496	844	88	139
2	0.0667	951	0	522	532	942	535	977	845	495	844	88	140	151	139	63
1	0.199522	957	0	522	533	941	537	973	844	495	844	146	136
2	0.066585	959	0	522	532	942	535	976	845	495	844	148	137	172	134	24
1	0.13304	963	0	522	534	941	537	973	845	495	844	174	134
2	0.071097	965	0	521	533	941	537	973	845	494	844	180	134	211	131	30
1	0.461355	970	0	521	532	941	535	973	843	494	843	209	136
1	0.199687	985	0	519	531	940	533	972	840	492	840	66	151
2	0.433706	987	0	521	528	940	533	972	841	493	840	81	151	112	151	30
2	0.066028	1000	0	522	528	941	533	973	840	494	840	139	146	177	150	39
1	0.132805	1004	0	522	528	941	533	973	840	495	839	179	153
2	0.066499	1006	0	521	531	941	533	973	839	495	838	182	148	208	153	26
1	0.39901	1009	0	521	531	942	531	974	839	495	838	222	146
1	0.16639	1023	0	574	531	997	539	1034	846	553	838	22	163
2	0.10015	1026	0	580	529	1004	535	1036	847	553	836	40	166	67	162	42
1	0.099597	1029	0	567	527	988	531	1021	841	540	833	79	167
2	0.066489	1031	0	560	526	981	529	1013	839	534	831	77	174	66	171	11
1	0.133461	1035	0	556	524	977	531	1009	837	529	837	68	168
2	0.066434	1037	0	555	522	977	529	1009	835	529	827	72	173	103	170	31
1	0.166103	1042	0	553	510	974	513	1006	822	527	813	106	177
2	0.100161	1045	0	544	495	967	497	999	803	521	794	114	189	135	169	30
1	0.299383	1054	0	541	484	962	491	994	797	518	783	142	181
2	0.099605	1056	0	541	485	963	492	995	797	518	783	143	182	154	184	11
2	0.067061	1059	0	540	485	962	491	994	797	516	784	155	184	106	187	48
1	0.39878	1071	0	540	487	962	491	994	800	516	787	79	184
2	0.066606	1073	0	543	488	962	491	994	801	517	788	76	186	96	189	19
1	0.234002	1080	0	544	487	962	493	994	804	518	792	95	190
2	0.132694	1084	0	543	492	962	495	995	805	517	793	97	180	133	183	36
1	0.132536	1088	0	541	492	960	495	993	805	515	792	135	182
2	0.066514	1090	0	542	491	961	495	994	805	516	792	134	182	155	182	21
1	0.100169	1093	0	542	493	961	500	993	806	516	793	161	179
2	0.099656	1096	0	542	495	961	502	993	808	515	795	160	180	214	178	53
1	0.133388	1100	0	541	495	960	501	992	809	514	796	210	176
2	0.066132	1102	0	541	495	960	501	992	809	514	796	209	175	189	176	20
1	0.133087	1106	0	541	495	960	501	992	809	514	795	189	175
2	0.432597	1108	0	540	495	960	501	992	809	513	795	190	175	170	179	21
1	0.099973	1122	0	537	496	960	501	992	810	514	805	194	165
2	0.066615	1124	0	541	497	960	501	992	807	514	806	189	168	227	170	38
1	0.266988	1132	0	540	499	960	501	992	806	514	797	233	171
2	0.09893	1135	0	540	497	960	501	992	812	513	798	235	176	152	175	68
1	0.498975	1150	0	540	496	960	501	992	810	513	796	151	175
2	0.066543	1152	0	540	495	960	501	992	810	513	804	146	170	164	169	17
1	0.19974	1158	0	540	493	961	500	993	806	514	793	172	174
2	0.066714	1160	0	540	492	960	495	993	807	514	793	176	174	234	169	57
1	0.13463	1164	0	537	493	961	500	993	807	514	794	237	170
2	0.064815	1166	0	540	492	960	495	993	807	513	802	236	172	181	172	57
1	0.066523	1168	0	541	492	960	495	993	807	515	793	135	178
2	0.066597	1170	0	542	493	962	500	994	807	516	794	133	174	61	192	72
1	0.200076	1176	0	541	493	962	500	994	808	514	795	63	187
2	0.099456	1178	0	541	490	961	501	993	807	514	803	68	182	101	180	11
1	0.199941	1184	0	542	493	962	500	994	807	515	795	116	185
2	0.06642	1186	0	542	493	962	500	994	808	515	795	118	184	159	185	40
1	0.166254	1191	0	541	495	961	501	993	809	514	796	159	184
2	0.099813	1194	0	540	494	960	501	992	809	513	795	161	184	205	181	23
1	0.100425	1197	0	541	494	961	501	993	808	514	795	204	182
2	0.066126	1199	0	541	494	961	501	993	809	514	795	204	181	215	180	11
1	0.166069	1204	0	541	494	961	501	993	808	514	795	214	180
2	0.10005	1207	0	536	494	961	501	993	808	514	794	215	179	243	180	20
1	0.099792	1210	0	537	495	961	501	993	810	514	796	240	179
2	0.099747	1213	0	536	497	959	501	991	812	513	798	241	175	52	202	109
1	0.16648	1218	0	542	497	960	501	992	811	515	806	45	197
2	0.066385	1220	0	539	497	961	501	993	811	515	798	50	199	91	198	41
1	0.066611	1222	0	543	497	962	501	994	811	516	798	90	198
2	0.500742	1224	0	545	497	963	501	995	810	518	798	88	197	120	193	32
1	0.298868	1246	0	538	490	958	493	990	804	512	790	197	194
2	0.099011	1249	0	538	490	957	491	989	803	512	790	211	193	38	216	110
1	0.199554	1255	0	537	490	959	497	988	802	511	790	38	213
2	0.066435	1257	0	537	490	960	497	988	803	511	791	47	210	103	212	56
1	0.166876	1262	0	539	491	961	498	989	804	513	792	103	210
2	0.066772	1264	0	539	492	960	499	988	805	513	793	104	205	152	207	48
1	0.099271	1267	0	538	492	960	499	988	805	512	793	150	206
2	0.066563	1269	0	538	493	959	499	989	806	512	794	152	206	200	207	49
1	0.299548	1278	0	537	492	959	497	987	805	511	793	209	204
2	0.099637	1281	0	537	492	955	493	987	805	511	792	215	207	57	230	80
1	0.399543	1284	0	537	490	957	493	989	804	511	791	57	223
1	0.29996	1302	0	539	494	961	497	990	807	512	795	125	222
2	0.065872	1304	0	539	493	961	497	990	807	513	794	162	218	194	218	33
1	0.133163	1308	0	538	495	957	502	989	808	511	796	193	215
2	0.067638	1310	0	538	495	957	502	989	808	511	795	190	210	217	215	27
1	0.16537	1315	0	537	494	957	501	989	808	510	795	220	217
2	0.066635	1317	0	537	494	957	501	989	808	510	795	220	215	209	219	13
1	0.13482	1321	0	538	495	957	502	989	809	511	795	209	215
2	0.098	1323	0	537	494	956	501	988	809	510	795	212	215	189	215	24
2	0.066619	1326	0	538	496	957	503	989	810	511	797	182	214	178	225	10
1	0.199543	1332	0	538	497	957	503	989	811	511	797	204	214
2	0.099854	1334	0	538	496	957	503	989	810	511	796	215	209	208	230	21
1	0.532907	1342	0	537	493	956	495	989	808	511	794	229	225
2	0.066105	1353	0	538	495	958	502	990	809	511	796	57	227	85	224	28
1	0.099747	1356	0	538	494	957	501	989	809	511	795	87	227
2	0.067082	1358	0	538	494	958	501	990	808	511	795	90	226	121	224	31
1	0.099413	1361	0	538	494	957	501	989	809	511	796	120	225
2	0.865232	1363	0	537	493	958	500	990	807	511	793	121	222	147	227	26
2	0.066471	1389	0	534	495	953	503	985	810	507	797	282	-18	272	-36	17
1	0.16626	1394	0	533	495	953	503	985	811	506	797	273	-31
2	0.067701	1396	0	531	497	951	503	983	813	505	799	272	-32	318	-27	44
1	0.132294	1400	0	522	499	940	503	972	810	495	810	318	-30
2	0.066478	1402	0	507	507	926	505	958	812	481	810	332	-35	303	-37	28
1	0.066305	1404	0	507	507	926	507	958	812	481	810	299	-38
2	0.066733	1406	0	500	507	921	507	956	814	477	810	306	-37	273	-35	31
1	0.199683	1412	0	493	513	913	513	949	820	469	815	283	-43
2	0.06654	1414	0	493	513	913	513	949	820	469	815	278	-37	335	-37	53
1	0.166246	1419	0	482	517	900	517	937	819	457	824	338	-41
2	0.099892	1422	0	478	521	896	519	933	822	457	827	345	-41	404	-36	58
1	0.133001	1426	0	475	521	893	518	930	824	454	828	407	-35
2	0.066577	1428	0	473	523	889	523	926	826	452	830	410	-41	441	-37	30
1	0.099853	1431	0	473	525	889	525	926	827	452	831	460	-40
2	0.101566	1434	0	471	529	888	529	925	831	449	835	460	-44	310	-34	141
1	0.23122	1441	0	470	529	886	529	923	831	448	834	295	-31
2	0.099787	1444	0	470	529	887	529	924	831	445	834	299	-30	348	-26	39
1	0.133077	1448	0	470	529	887	529	924	832	448	836	347	-30
2	0.067823	1450	0	471	529	887	529	924	832	449	835	349	-32	389	-32	37
1	0.098642	1453	0	471	527	888	527	925	830	447	833	387	-31
2	0.067424	1455	0	472	529	889	529	926	831	451	831	389	-35	431	-36	40
1	0.199004	1461	0	472	531	889	531	927	838	449	832	434	-38
2	0.066457	1463	0	471	531	892	531	925	833	447	837	449	-36	471	-36	21
1	0.09968	1466	0	472	531	888	528	925	833	450	837	476	-30
2	0.465858	1469	0	471	531	888	531	925	833	446	837	473	-35	296	-20	83
1	0.332701	1490	0	474	533	894	533	927	836	449	841	306	-11
2	0.067019	1492	0	473	533	889	533	926	836	451	840	304	-8	324	-11	20
1	0.166369	1497	0	472	531	888	531	925	835	450	839	324	-7
2	0.066883	1499	0	472	531	888	528	925	835	450	839	325	-5	347	-7	18
1	0.232252	1506	0	471	531	887	529	924	836	449	839	353	-6
2	0.066506	1508	0	470	531	886	527	923	836	448	838	353	-3	391	-3	35
1	0.199752	1514	0	469	531	886	531	923	835	447	837	395	-10
2	0.066544	1516	0	470	531	886	531	923	835	448	838	395	-11	414	-7	18
1	0.099803	1519	0	470	531	887	531	924	835	448	838	421	-7
2	0.066462	1521	0	471	531	888	531	925	835	449	838	421	-6	443	-5	19
1	0.166432	1526	0	472	533	888	530	925	836	450	840	462	-2
2	0.099931	1529	0	472	531	888	529	925	835	450	839	463	1	428	0	30
1	0.233357	1536	0	472	533	888	533	925	836	447	840	428	-6
2	0.066138	1538	0	471	531	891	529	925	835	449	839	417	-2	292	15	121
1	0.200357	1544	0	470	531	887	531	924	835	448	838	302	12
2	0.066497	1546	0	471	531	888	531	925	835	449	839	303	13	334	7	29
1	0.099176	1549	0	471	531	889	527	926	835	449	839	335	11
2	0.067063	1551	0	471	531	892	531	925	836	449	839	331	7	357	5	25
1	0.099679	1554	0	470	531	888	527	925	835	448	839	366	11
2	0.465497	1557	0	472	533	893	533	927	836	450	840	363	3	401	2	21
1	0.365991	1579	0	466	525	886	521	924	831	444	833	453	6
2	0.06653	1581	0	466	525	885	520	923	830	444	833	463	5	482	5	18
1	0.100692	1584	0	466	523	886	520	924	830	444	833	480	7
2	0.066491	1586	0	465	523	885	520	923	831	444	832	444	-1	345	1	97
1	0.099954	1589	0	465	523	885	520	923	831	443	833	345	0
2	0.099004	1592	0	464	527	885	527	922	832	442	834	343	-7	308	-6	33
1	0.166362	1597	0	466	525	885	522	923	832	444	835	310	-1
2	0.066954	1599	0	466	525	887	527	924	832	444	835	306	-1	318	5	13
1	0.066187	1601	0	467	525	887	527	924	832	445	834	328	12
2	0.0665	1603	0	467	525	887	520	925	831	445	833	331	15	307	22	24
1	0.199675	1609	0	469	525	889	520	927	831	447	834	288	26
2	0.066744	1611	0	470	525	893	521	928	831	445	834	288	22	324	23	34
1	0.099699	1614	0	470	527	894	527	928	832	448	836	320	17
2	0.066986	1616	0	471	527	891	527	928	833	449	837	323	17	374	15	50
1	0.19919	1622	0	471	525	890	525	928	831	449	835	375	18
2	0.067206	1624	0	470	525	894	525	929	830	446	835	372	14	406	14	31
1	0.099231	1627	0	471	527	892	527	929	831	446	836	406	13
2	0.099795	1630	0	471	527	895	527	929	832	447	832	405	16	445	13	38
1	0.133449	1634	0	471	527	894	527	929	832	446	837	444	13
2	0.06636	1636	0	472	527	895	527	930	839	447	837	447	14	469	13	22
1	0.100161	1639	0	472	529	895	529	929	833	448	833	469	12
2	0.099287	1642	0	472	529	896	529	930	833	447	838	467	13	301	28	109
1	0.133395	1646	0	471	527	895	527	929	833	447	838	304	32
2	0.066338	1648	0	472	527	896	527	931	839	447	837	306	29	293	32	12
1	0.066748	1650	0	473	527	897	527	931	832	449	832	295	32
2	0.066363	1652	0	473	527	897	527	931	832	449	832	293	29	354	24	61
1	0.499088	1658	0	473	528	897	528	931	834	449	839	353	27
1	0.100025	1670	0	471	532	894	532	928	836	447	840	421	23
2	0.066593	1672	0	471	532	894	532	929	843	447	841	424	24	435	26	10
1	0.399193	1684	0	471	532	890	532	928	837	447	842	465	23
2	0.066541	1686	0	471	533	893	533	928	838	447	843	470	19	432	19	35
1	0.199466	1692	0	472	533	894	533	929	838	448	838	430	22
2	0.066617	1694	0	473	533	895	533	930	838	448	838	430	22	440	22	10
1	0.167254	1699	0	473	533	894	533	929	838	448	838	440	22
2	0.065639	1701	0	473	533	895	533	930	839	448	839	456	23	479	22	22
1	0.10006	1704	0	472	533	895	533	930	838	447	838	481	22
2	0.066373	1706	0	472	533	895	533	930	838	448	838	481	21	323	42	156
1	0.266502	1714	0	471	533	894	533	929	838	447	838	296	38
2	0.432878	1716	0	471	533	894	533	929	838	447	843	297	37	347	33	49
1	0.49859	1742	0	475	533	898	533	934	844	451	838	316	24
2	0.066648	1744	0	477	533	898	533	934	844	450	838	313	28	334	28	19
1	0.299329	1747	0	475	533	898	533	934	844	451	838	336	28
1	0.266294	1760	0	473	529	897	533	933	844	449	838	425	32
2	0.099848	1763	0	473	528	896	531	929	844	449	838	420	35	470	31	32
1	0.100002	1766	0	475	533	896	533	931	838	448	838	468	28
2	0.066477	1768	0	476	533	895	533	931	839	449	839	466	28	300	36	163
1	0.200121	1774	0	473	533	895	533	932	844	449	839	301	38
2	0.066183	1776	0	476	535	895	535	930	840	449	840	296	37	311	47	16
1	0.166254	1781	0	476	532	895	535	931	846	449	840	316	53
2	0.066673	1783	0	476	531	895	535	931	846	449	840	314	52	324	54	9
1	0.099678	1786	0	473	528	896	531	932	844	449	838	329	57
2	0.066543	1788	0	473	528	896	531	932	844	449	838	335	57	352	57	18
1	0.199889	1794	0	473	533	895	533	931	838	448	838	350	53
2	0.066755	1796	0	472	531	895	531	930	837	447	837	350	54	362	49	11
1	0.066301	1798	0	472	531	895	531	930	842	447	837	363	49
2	0.066342	1800	0	472	531	895	531	931	837	447	837	361	52	306	53	55
1	0.199643	1806	0	471	531	895	531	930	842	447	836	311	52
2	0.066841	1808	0	471	531	895	531	930	837	447	837	320	50	339	49	18
1	0.100557	1811	0	471	531	895	531	929	837	447	842	337	48
2	0.066258	1813	0	471	531	895	531	930	841	447	841	341	49	373	49	33
1	0.09944	1816	0	472	531	895	531	930	836	447	842	372	53
2	0.465578	1818	0	472	531	895	531	930	837	447	842	371	53	403	50	31
1	0.099779	1833	0	471	528	894	532	929	844	446	843	447	40
2	0.066664	1835	0	470	532	894	532	929	837	446	842	447	42	480	42	33
1	0.132995	1839	0	471	531	894	531	929	837	446	842	483	47
2	0.099998	1842	0	471	531	894	531	928	836	449	836	444	46	291	62	153
1	0.133271	1846	0	471	531	894	531	929	842	446	836	294	62
2	0.06641	1848	0	471	531	895	531	931	844	447	843	291	57	338	60	46
1	0.133461	1852	0	469	531	893	531	927	836	445	840	337	59
2	0.066095	1854	0	469	531	893	531	927	836	445	836	338	60	324	60	14
1	0.133095	1858	0	469	533	892	533	928	845	444	839	327	59
2	0.066572	1860	0	468	533	892	533	926	840	444	845	321	60	367	58	45
1	0.366086	1871	0	455	539	875	533	916	846	433	847	404	54
2	0.099727	1874	0	447	543	871	537	911	842	429	856	400	54	435	54	32
1	0.233654	1881	0	448	543	871	536	911	841	429	855	465	51
2	0.066251	1883	0	452	542	871	535	912	840	430	855	417	54	297	69	92
1	0.132842	1887	0	454	541	873	535	914	840	432	849	301	68
2	0.067358	1889	0	453	539	873	534	914	838	431	854	298	68	313	68	14
1	0.065768	1891	0	453	537	873	533	914	838	431	853	315	70
2	0.066263	1893	0	454	535	874	533	911	837	432	853	314	70	368	68	51
1	0.200291	1899	0	457	535	877	532	915	844	435	847	372	70
2	0.099354	1902	0	457	535	878	532	916	844	436	846	372	72	428	67	54
1	0.233217	1909	0	459	535	880	537	917	844	437	847	426	62
2	0.066638	1911	0	459	537	880	537	920	844	437	847	427	63	459	64	32
1	0.166013	1916	0	459	535	880	537	917	844	438	846	459	62
2	0.099738	1918	0	459	535	880	537	917	844	438	846	460	62	472	65	11
2	0.066779	1921	0	458	535	879	537	916	844	437	846	473	65	358	76	114
1	0.099651	1924	0	459	535	879	531	917	842	438	845	356	78
2	0.099785	1927	0	458	535	880	537	917	844	436	847	354	76	320	92	34
1	0.166572	1932	0	458	535	879	537	916	844	436	847	321	91
2	0.100663	1935	0	459	537	879	537	917	846	437	848	322	90	363	91	39
1	0.232032	1942	0	459	537	879	537	916	845	437	847	372	88
2	0.066567	1944	0	458	537	879	537	916	844	436	848	368	91	408	88	41
1	0.166416	1949	0	459	537	880	537	917	844	437	848	405	88
2	0.066628	1951	0	459	537	880	537	917	844	437	848	403	83	397	73	10
1	0.099715	1954	0	459	539	880	536	918	846	437	849	400	74
2	0.066396	1956	0	459	539	880	536	918	846	437	849	401	74	435	73	33
1	0.100316	1959	0	460	539	881	539	919	846	438	850	432	73
2	0.0662	1961	0	461	539	880	536	918	847	439	850	408	72	336	80	68
1	0.16632	1966	0	461	541	880	538	918	849	436	852	339	78
2	0.06662	1968	0	461	541	880	538	918	849	439	851	338	73	324	77	14
1	0.166345	1973	0	461	539	881	537	919	848	439	851	315	76
2	0.066698	1975	0	461	539	881	537	919	848	439	851	313	73	291	76	22
1	0.199515	1981	0	460	539	881	539	919	846	438	850	290	77
2	0.0665	1983	0	460	539	880	539	918	846	438	849	291	73	362	85	72
1	0.100753	1986	0	460	537	881	537	919	846	438	849	360	81
2	0.065652	1988	0	460	539	881	536	919	846	438	849	362	81	341	82	21
1	0.166381	1993	0	460	539	881	539	919	847	438	850	323	86
2	0.066816	1995	0	460	539	881	539	919	846	435	850	339	85	361	86	22
1	0.066237	1997	0	461	539	882	536	920	846	436	849	361	88
2	0.100623	2000	0	461	537	882	537	919	845	436	849	376	85	402	86	37
1	0.132378	2004	0	460	539	881	536	919	846	438	849	405	84
2	0.066498	2006	0	460	539	881	539	919	846	438	849	404	79	429	82	24
1	0.100609	2009	0	459	537	881	537	918	844	434	848	428	86
2	0.065892	2011	0	460	537	881	537	918	844	438	848	430	85	480	85	49
1	0.266116	2019	0	459	537	880	537	917	844	437	848	476	88
2	0.067133	2021	0	459	537	880	537	917	844	437	848	472	90	335	97	135
1	0.166534	2026	0	459	537	881	537	918	844	437	847	301	98
2	0.066798	2028	0	459	537	880	537	917	844	434	847	299	95	288	101	13
1	0.068992	2030	0	459	537	880	537	917	844	437	848	286	101
2	0.09725	2033	0	459	535	879	537	916	844	437	847	288	105	358	101	75
1	0.099112	2036	0	458	535	880	537	917	844	436	847	358	99
2	0.066729	2038	0	458	537	880	537	917	844	436	848	355	97	345	97	9
1	0.066509	2040	0	458	537	879	537	916	844	436	848	346	97
2	0.066495	2042	0	458	537	879	537	916	844	436	847	345	97	378	96	32
1	0.133751	2046	0	458	537	879	537	916	844	436	847	392	95
2	0.065862	2048	0	458	537	879	537	916	844	436	847	392	95	427	96	34
1	0.532534	2052	0	458	535	879	537	916	844	436	847	425	93
1	0.233253	2071	0	458	535	879	537	916	843	437	845	481	91
2	0.099384	2074	0	458	535	879	529	917	842	437	845	460	106	301	117	185
1	0.199758	2080	0	459	535	879	529	917	842	438	845	300	116
2	0.066531	2082	0	459	535	880	531	918	842	438	845	298	112	340	110	40
1	0.166608	2087	0	459	535	880	529	918	842	438	845	338	111
2	0.066753	2089	0	459	535	880	531	918	842	438	846	341	111	372	113	30
1	0.332922	2099	0	458	535	879	529	917	842	437	845	375	113
2	0.132461	2103	0	457	535	878	530	916	841	436	844	376	110	338	112	37
1	0.133035	2107	0	458	535	878	529	916	842	437	845	338	112
2	0.09982	2110	0	457	535	877	529	915	842	433	845	338	113	368	110	14
1	0.232993	2117	0	456	533	875	533	913	840	434	842	403	106
2	0.067163	2119	0	455	531	874	531	912	840	433	842	413	106	425	101	13
1	0.165786	2124	0	450	535	872	530	911	835	428	850	439	103
2	0.099696	2127	0	448	533	869	526	907	830	427	844	440	110	388	105	47
1	0.698886	2136	0	448	535	869	528	910	833	426	847	389	102
1	0.43257	2161	0	453	527	873	525	911	838	431	845	470	111
2	0.066632	2163	0	454	527	874	525	912	838	432	839	481	111	351	151	130
1	0.133044	2167	0	455	529	874	525	912	838	433	839	369	113
2	0.067522	2169	0	455	529	875	525	915	837	433	838	367	114	344	115	21
1	0.39833	2172	0	453	531	873	525	911	838	431	839	350	113
2	0.066478	2183	0	451	529	871	522	908	827	429	842	455	122	484	125	28
1	0.233231	2190	0	454	533	874	526	912	831	433	845	483	122
2	0.066283	2192	0	446	531	870	524	910	828	428	843	423	131	312	146	113
1	0.465858	2200	0	457	525	877	521	915	832	435	834	310	145
1	0.133724	2210	0	460	527	879	522	917	833	438	836	439	121
2	0.066215	2212	0	459	527	879	524	917	832	437	836	440	117	471	120	32
1	0.133038	2216	0	457	529	876	529	913	837	435	840	474	115
2	0.066599	2218	0	458	531	877	531	915	838	436	841	473	115	424	110	50
1	0.232997	2225	0	456	529	877	529	914	836	434	838	425	112
2	0.066256	2227	0	457	529	877	529	914	836	435	838	423	110	449	108	27
1	0.100004	2230	0	456	527	876	524	914	836	434	837	450	112
2	0.066519	2232	0	439	539	862	524	902	828	420	850	450	109	354	124	97
1	0.368416	2243	0	475	546	885	457	986	752	518	852	293	147
2	0.064901	2245	0	533	572	935	449	1064	737	599	870	361	157	414	167	58
