1	0.099521	2	0	503	288	925	281	969	573	516	600	180	112	640	358
2	0.066584	4	0	503	288	925	281	969	573	516	601	180	88	180	111	19	639	342	640	357
2	0.066557	6	0	503	288	925	281	969	573	516	600	180	91	227	107	49	639	344	674	353
1	0.199647	12	0	503	288	925	281	969	573	516	600	227	98	674	347
2	0.067415	14	0	503	288	925	281	969	573	516	600	223	91	202	90	22	671	343	655	343
1	0.098939	17	0	503	288	925	281	969	573	516	601	207	95	660	346
2	0.067517	19	0	502	288	924	281	968	573	516	600	207	90	264	94	55	658	343	699	344
1	0.165351	24	0	502	289	924	282	968	574	516	600	265	88	699	342
2	0.066978	26	0	502	289	924	279	967	574	516	600	264	95	260	83	11	698	346	695	338
1	0.199448	32	0	499	291	920	281	965	576	513	602	268	84	697	340
2	0.066397	34	0	498	292	920	281	964	576	512	604	264	80	224	92	39	693	338	665	347
1	0.066599	36	0	497	294	917	283	962	578	510	607	225	91	665	348
2	0.100371	38	0	497	294	918	283	962	578	510	604	226	86	228	73	9	665	344	665	336
2	0.066244	41	0	498	294	920	287	963	578	511	604	228	80	169	88	60	668	342	626	348
1	0.133166	45	0	500	296	921	289	965	580	514	608	142	87	608	351
2	0.066202	47	0	503	296	924	289	968	580	517	607	141	73	89	102	59	609	341	572	361
1	0.099811	50	0	503	296	924	289	968	580	517	607	90	77	572	344
2	0.099862	53	0	503	295	924	288	968	579	516	606	86	94	143	99	21	570	354	612	357
1	0.299393	62	0	503	295	925	288	969	580	517	607	146	96	614	355
2	0.067238	64	0	503	296	925	289	968	580	517	607	147	93	190	101	45	615	354	647	358
1	0.265541	72	0	503	298	925	287	969	582	517	608	188	99	644	358
2	0.066642	74	0	503	298	924	288	968	582	516	608	184	99	232	88	48	641	358	675	350
1	0.432654	87	0	501	292	922	283	966	578	514	604	253	98	689	350
2	0.067246	89	0	501	293	922	281	966	577	513	603	274	88	246	96	27	702	343	683	349
1	0.09902	92	0	501	292	922	281	966	576	513	602	251	91	687	345
2	0.066729	94	0	501	292	922	281	966	576	514	604	253	87	293	86	39	688	343	717	341
1	0.133553	98	0	501	292	922	281	966	576	514	603	289	83	713	339
2	0.099316	101	0	500	293	921	281	965	577	513	604	288	75	76	95	187	711	335	559	353
1	0.166518	106	0	501	292	923	281	967	576	514	605	78	90	561	349
2	0.100111	109	0	500	292	921	281	966	576	513	602	154	87	241	92	93	616	345	678	346
1	0.299514	118	0	497	290	919	281	963	577	510	609	241	88	678	343
2	0.066621	120	0	497	290	918	281	962	577	510	604	241	84	281	95	41	676	340	705	346
1	0.099215	123	0	498	290	919	281	963	576	510	603	280	88	705	342
2	0.066742	125	0	498	290	919	281	963	576	512	602	280	90	263	87	16	705	343	693	342
1	0.133228	129	0	495	292	915	283	959	579	508	605	266	89	691	345
2	0.100175	132	0	492	296	909	284	956	580	508	606	251	85	175	107	84	676	345	623	361
1	0.199094	138	0	491	295	908	283	955	579	507	605	178	103	623	357
2	0.066531	140	0	491	298	908	283	955	579	507	605	190	99	207	105	19	631	356	644	360
1	0.166435	145	0	490	296	907	281	954	577	506	604	207	101	643	355
2	0.066493	147	0	489	295	907	280	954	577	505	603	208	100	108	101	100	642	353	570	357
1	0.732346	157	0	491	297	908	282	955	579	507	608	66	113	543	369
2	0.066374	171	0	489	299	907	284	954	582	505	606	118	118	173	124	53	579	372	618	374
1	0.133005	175	0	490	296	908	281	955	578	506	604	172	120	619	368
2	0.066595	177	0	491	296	909	281	956	578	507	604	157	121	148	90	30	609	370	601	350
1	0.100115	180	0	491	296	909	281	956	578	507	604	153	116	606	366
2	0.100028	183	0	492	297	910	282	957	578	508	604	153	108	233	122	77	607	362	665	369
1	0.265869	191	0	492	295	910	280	957	576	508	606	229	106	662	357
2	0.066468	193	0	493	292	911	279	959	576	509	605	237	113	268	102	31	669	359	691	352
1	0.133436	197	0	494	291	912	278	960	575	510	602	266	97	690	347
2	0.099335	199	0	494	293	913	278	958	575	510	602	277	100	293	89	18	697	350	708	342
2	0.066644	202	0	495	290	912	278	960	575	511	601	295	102	130	116	162	711	349	594	362
1	0.266198	210	0	496	290	917	278	961	574	509	601	58	130	543	373
2	0.100007	212	0	494	288	916	279	961	575	508	602	58	127	63	108	16	541	370	544	358
2	0.066379	215	0	495	289	916	278	959	574	511	600	61	131	128	124	68	545	373	594	367
1	0.199732	221	0	493	290	910	278	957	574	509	601	127	120	590	365
2	0.06673	223	0	492	288	913	277	957	574	509	604	128	115	178	125	51	591	361	628	367
1	0.265912	231	0	491	285	912	273	956	569	508	596	178	125	626	363
2	0.067191	233	0	491	283	911	272	956	569	508	595	188	123	222	127	33	634	359	658	361
1	0.099226	236	0	490	283	911	270	956	568	507	594	224	126	658	360
2	0.0675	238	0	490	285	911	270	956	567	507	594	224	117	203	122	21	657	355	642	359
1	0.265809	246	0	487	285	906	270	952	563	504	594	207	120	643	356
2	0.100709	248	0	487	286	906	271	953	569	504	594	212	113	204	128	15	644	353	639	363
2	0.065132	251	0	485	284	904	270	951	569	502	594	201	128	253	129	53	636	362	673	361
1	0.166484	256	0	487	286	906	271	953	570	504	594	251	117	672	355
2	0.066471	258	0	487	286	906	271	953	569	504	597	251	116	291	125	40	673	354	702	359
1	0.066832	260	0	487	286	906	271	953	564	504	595	283	120	697	355
2	0.066289	262	0	487	286	907	271	954	569	504	599	288	121	198	129	88	701	357	637	365
1	0.233086	269	0	487	287	906	272	954	571	504	598	206	118	641	358
2	0.066391	271	0	488	288	907	273	953	565	505	596	211	113	117	128	93	646	355	579	367
1	0.133199	275	0	487	288	907	273	953	565	504	600	109	132	573	371
2	0.066511	277	0	487	287	906	269	953	564	504	599	112	125	145	132	35	574	365	599	368
1	0.133112	281	0	488	285	908	270	955	568	505	598	144	128	598	365
2	0.067312	283	0	488	285	908	270	954	563	505	598	142	125	129	124	14	599	363	589	362
1	0.498426	298	0	484	281	905	263	952	559	501	590	135	133	588	363
2	0.066459	300	0	482	281	905	263	952	559	501	590	134	126	158	138	26	586	359	604	366
1	0.233268	307	0	479	281	902	263	949	558	498	592	158	129	601	360
2	0.132879	311	0	479	279	902	261	948	557	498	591	152	126	138	128	10	596	357	587	358
1	0.466505	325	0	475	276	898	261	944	554	494	588	145	128	588	355
2	0.066393	327	0	474	276	898	261	944	554	494	587	130	146	134	117	27	578	368	579	349
1	0.298954	336	0	475	277	899	262	945	554	494	588	131	127	579	357
2	0.066669	338	0	475	277	898	262	944	555	494	588	137	144	230	142	94	583	367	652	363
1	0.200085	344	0	476	277	899	262	945	555	495	589	230	142	653	363
2	0.066549	346	0	477	278	900	263	946	556	496	590	234	133	204	130	31	656	358	634	357
1	0.165865	351	0	476	278	899	263	945	556	495	589	208	130	635	357
2	0.100053	354	0	476	278	899	263	945	556	495	592	209	132	256	129	37	637	358	671	355
1	0.133134	358	0	479	278	902	263	948	556	498	593	250	130	671	356
2	0.066229	360	0	479	279	903	264	949	557	499	593	258	124	286	134	30	676	352	697	358
1	0.066599	362	0	479	279	902	261	948	557	498	591	286	129	694	354
2	0.066623	364	0	480	279	902	261	948	557	499	591	284	132	88	169	201	694	355	552	388
1	0.200425	370	0	480	277	905	262	951	556	500	592	55	156	529	380
2	0.099684	373	0	479	278	903	263	949	556	499	590	61	141	92	144	20	531	369	554	370
1	0.198949	379	0	480	276	904	261	950	554	499	588	87	145	552	369
2	0.066926	381	0	476	276	901	261	947	555	496	592	115	143	138	149	24	570	368	587	371
1	0.132755	385	0	479	277	902	262	948	555	498	589	138	149	589	371
2	0.066679	387	0	478	276	903	261	949	555	498	589	141	143	109	152	33	590	367	567	374
1	0.132981	391	0	477	277	901	262	947	555	497	589	110	146	566	370
2	0.06645	393	0	478	277	901	262	947	555	497	589	121	146	160	154	40	575	370	604	374
1	0.366163	404	0	476	275	900	260	947	553	496	587	162	149	604	368
2	0.066693	406	0	476	275	900	258	947	553	496	584	162	142	210	163	51	602	363	638	375
1	0.266121	414	0	477	274	899	257	946	552	496	587	208	148	637	364
2	0.067081	416	0	477	273	899	257	946	552	495	586	222	156	262	152	39	648	369	676	365
1	0.232436	423	0	475	273	898	257	944	551	494	588	260	145	674	360
2	0.099899	426	0	474	273	897	256	943	551	493	585	261	138	288	145	23	672	355	692	358
1	0.099689	429	0	475	273	898	256	945	552	494	588	284	141	691	356
2	0.100182	432	0	475	273	897	256	944	552	494	586	265	138	68	170	211	676	355	533	384
1	0.265894	440	0	475	274	897	256	944	552	493	587	66	166	531	382
2	0.066563	442	0	474	274	898	257	945	553	493	587	70	168	99	173	31	533	383	556	385
1	0.199613	448	0	476	274	899	256	946	552	495	588	97	159	555	377
2	0.066559	450	0	475	274	898	257	945	552	494	585	97	146	141	159	46	553	367	586	374
1	0.233121	457	0	475	272	898	257	947	550	494	584	135	165	583	376
2	0.099704	460	0	474	272	898	257	948	550	493	584	149	166	192	166	46	593	376	625	375
1	0.432527	473	0	474	268	898	250	945	547	494	581	195	162	626	369
2	0.133169	477	0	474	268	898	250	945	547	494	582	191	162	99	172	86	624	369	556	380
1	0.133237	481	0	474	268	897	250	946	547	493	583	100	174	557	380
2	0.066331	483	0	473	269	897	250	944	547	492	580	103	176	86	183	18	557	381	545	386
1	0.067208	485	0	473	268	897	250	944	547	493	582	87	172	546	380
2	0.066082	487	0	474	268	897	250	944	547	493	580	87	174	150	180	66	546	381	593	383
1	0.132965	491	0	473	267	897	252	946	545	493	579	162	181	603	381
2	0.066542	493	0	473	267	897	252	943	545	493	579	162	173	164	164	8	602	376	603	370
1	0.100049	496	0	473	268	896	250	943	546	492	580	164	170	603	375
2	0.099673	499	0	473	267	896	252	943	546	492	579	135	175	102	174	35	582	379	557	379
1	0.133106	503	0	472	267	896	252	942	545	491	579	103	175	557	380
2	0.066908	505	0	471	266	895	251	941	545	490	581	106	175	192	188	90	559	380	624	386
1	0.199384	511	0	470	266	895	251	941	545	490	581	194	175	624	377
2	0.099913	514	0	469	265	894	251	940	544	489	579	194	172	243	178	32	623	374	659	376
1	0.232983	521	0	470	266	895	251	941	545	490	579	247	178	663	376
2	0.066597	523	0	470	266	895	251	941	545	490	581	244	178	278	183	35	661	377	686	379
1	0.099722	526	0	471	267	895	252	942	546	491	583	272	176	683	376
2	0.066414	528	0	471	268	895	250	943	547	490	582	276	169	111	194	170	683	370	563	393
1	0.299632	537	0	473	272	896	257	942	550	492	585	64	197	529	402
2	0.100601	540	0	473	273	896	258	946	551	492	587	60	194	108	207	46	527	400	564	407
1	0.36514	551	0	472	270	895	251	944	548	491	584	109	197	563	397
2	0.099795	554	0	472	269	896	251	946	548	491	582	109	197	50	199	36	562	397	518	400
1	0.166628	559	0	471	269	895	250	945	547	491	583	52	195	519	398
2	0.066422	561	0	471	269	895	250	945	548	491	583	58	195	97	195	41	523	397	553	396
1	0.266431	569	0	472	268	896	250	945	547	491	582	95	191	551	392
2	0.099529	572	0	471	268	894	249	945	547	491	582	96	192	141	190	41	552	393	585	389
1	0.199574	578	0	469	266	893	247	943	545	489	580	144	191	585	388
2	0.067138	580	0	468	264	893	246	943	543	488	578	145	188	188	196	46	585	384	618	388
1	0.39893	591	0	466	263	891	244	938	543	486	576	184	192	612	384
2	0.066614	593	0	466	263	891	244	940	542	488	576	180	184	200	191	21	609	378	624	382
1	0.166186	598	0	466	262	890	243	937	540	488	580	203	189	627	381
2	0.066653	600	0	465	263	889	243	937	542	484	576	218	188	260	193	42	635	379	666	381
1	0.199629	606	0	464	259	888	241	939	541	486	575	258	190	665	377
2	0.066635	608	0	464	261	888	241	938	540	483	575	261	184	274	192	16	665	373	676	378
1	0.066534	610	0	464	261	889	241	940	540	484	576	273	193	676	378
2	0.099688	613	0	464	262	888	241	938	541	484	576	268	192	64	227	208	671	379	522	412
1	0.232902	620	0	464	261	889	241	940	540	483	575	65	221	523	407
2	0.066604	622	0	464	261	888	241	938	541	483	575	90	214	121	218	32	541	402	564	403
1	0.133133	626	0	464	260	889	240	938	540	483	574	122	217	565	401
2	0.0665	628	0	465	261	889	241	936	540	487	575	120	201	100	203	21	564	391	549	393
1	0.233198	635	0	464	258	889	240	936	540	483	574	83	202	535	391
2	0.066289	637	0	465	260	890	240	940	539	484	574	76	200	56	211	23	530	390	516	399
1	0.166402	642	0	464	260	889	240	940	539	486	574	55	194	515	388
2	0.066745	644	0	464	257	889	239	939	538	486	574	54	201	107	207	56	514	391	555	393
1	0.133051	648	0	465	259	890	239	940	538	487	574	104	201	553	390
2	0.133031	652	0	463	255	888	238	937	538	485	572	108	196	167	197	49	554	383	598	382
1	0.133238	656	0	463	255	889	238	939	537	485	572	166	191	598	378
2	0.066799	658	0	463	259	889	238	939	537	485	572	171	186	265	187	96	600	376	669	373
1	0.366132	669	0	463	258	887	237	937	538	485	572	274	175	674	363
2	0.066068	671	0	462	258	888	238	937	538	484	576	258	173	83	197	184	663	364	534	388
1	0.099904	674	0	462	257	887	236	937	537	484	570	86	193	535	382
2	0.066497	676	0	462	256	887	236	939	536	484	571	83	179	47	196	39	533	373	507	386
1	0.099949	679	0	461	253	887	235	937	536	484	574	54	198	512	387
2	0.099574	681	0	462	256	887	235	937	536	484	570	52	197	59	185	13	511	386	515	377
2	0.066926	684	0	462	256	887	235	937	536	484	570	55	194	83	190	30	512	384	533	380
1	0.267362	692	0	461	255	886	234	935	534	483	572	99	192	545	380
2	0.098362	695	0	459	251	885	234	936	535	482	572	100	196	146	196	25	545	382	580	380
1	0.40001	707	0	458	254	885	233	935	534	481	568	151	198	581	381
2	0.06594	709	0	459	254	885	233	936	535	482	568	151	196	113	202	40	582	380	554	385
1	0.199599	715	0	458	254	885	233	934	529	481	568	147	201	579	382
2	0.067503	717	0	458	255	884	232	933	528	479	567	146	198	191	195	46	577	380	610	376
1	0.464976	731	0	451	255	881	232	930	528	476	567	199	191	612	373
2	0.100192	734	0	453	255	881	232	930	528	476	567	204	185	244	190	42	616	368	646	370
1	0.166119	739	0	452	253	881	231	931	528	477	567	245	186	647	366
2	0.499381	741	0	452	254	881	231	931	527	477	566	241	203	165	215	79	645	378	589	390
1	0.199271	760	0	442	252	871	229	921	527	466	566	106	196	533	379
2	0.067177	762	0	441	255	871	230	920	528	465	567	113	193	152	208	43	536	379	567	387
1	0.132493	766	0	445	251	877	229	927	525	470	568	149	203	571	381
2	0.100778	768	0	445	251	875	229	926	525	469	567	150	198	129	221	31	571	377	556	394
2	0.065866	771	0	443	251	874	229	923	525	467	568	131	203	190	211	62	555	382	600	384
1	0.099686	774	0	443	249	874	227	923	524	467	564	190	205	599	378
2	0.066399	776	0	444	249	876	227	926	524	469	564	189	206	191	187	19	599	379	600	366
1	0.066614	778	0	445	248	879	226	928	522	471	565	187	198	600	373
2	0.066568	780	0	446	247	876	225	926	522	470	567	185	197	163	193	23	598	372	581	370
1	0.299542	789	0	443	245	871	223	921	521	465	566	168	188	581	364
2	0.100411	792	0	437	247	869	224	919	521	463	561	185	184	214	184	40	588	361	610	360
1	0.365458	803	0	430	242	863	217	912	518	456	561	222	186	609	357
2	0.06655	805	0	431	242	864	217	914	517	457	562	219	181	118	252	124	608	354	537	409
1	0.166356	810	0	432	242	866	216	916	517	458	561	120	237	538	398
2	0.100303	813	0	436	242	870	217	920	518	462	562	110	227	116	216	23	534	393	538	384
1	0.099313	816	0	443	241	873	217	924	518	465	563	111	215	539	384
2	0.066449	818	0	437	242	871	218	921	519	462	563	115	222	155	216	42	538	389	569	383
1	0.36609	829	0	441	241	875	215	925	517	467	561	179	221	591	383
2	0.067642	831	0	441	241	874	216	924	517	466	563	187	222	221	226	35	597	384	623	385
1	0.098728	834	0	445	242	878	220	928	518	469	563	215	219	623	382
2	0.066608	836	0	444	242	878	220	928	518	469	560	224	220	252	224	30	629	382	650	383
1	0.200452	842	0	445	239	880	216	930	516	471	559	250	219	650	377
2	0.066476	844	0	447	239	881	216	931	516	472	559	258	222	181	228	82	657	378	600	387
1	0.265707	852	0	447	237	881	214	932	514	472	560	185	229	603	385
2	0.099696	855	0	446	238	881	215	932	515	473	558	185	223	241	222	59	602	382	645	378
1	0.199673	861	0	447	240	882	217	931	516	474	556	242	219	645	377
2	0.066463	863	0	445	241	879	218	930	517	472	557	233	214	221	213	11	635	375	626	375
1	0.066564	865	0	446	241	879	218	929	517	471	562	220	210	627	374
2	0.066611	867	0	444	240	878	218	928	516	471	559	224	211	179	220	45	629	373	596	382
1	0.266066	875	0	445	240	877	218	927	516	470	556	179	219	594	380
2	0.066729	877	0	445	238	878	217	929	515	470	555	180	211	197	223	22	595	373	609	381
1	0.133655	881	0	443	239	877	217	928	515	470	555	205	218	613	377
2	0.066223	883	0	443	240	877	218	926	516	470	559	203	215	240	217	38	612	377	640	376
1	0.365894	894	0	444	241	875	219	925	517	469	559	243	215	641	375
2	0.066832	896	0	444	241	876	219	926	516	469	562	232	207	273	211	40	634	371	664	371
1	0.132734	900	0	443	240	875	218	925	516	468	559	267	212	659	371
2	0.099813	903	0	442	240	875	218	925	515	467	561	268	203	285	212	19	659	365	672	370
2	0.066565	905	0	442	240	875	218	925	515	468	560	283	210	84	253	214	671	369	522	410
1	0.233022	912	0	445	241	876	220	927	517	470	557	63	249	507	408
2	0.066471	914	0	446	242	876	220	927	518	470	558	51	248	53	235	12	498	408	499	399
1	0.100024	917	0	446	243	878	221	928	519	470	562	55	235	501	402
2	0.100214	920	0	446	242	879	220	928	518	471	561	52	236	101	227	44	500	402	537	392
1	0.465303	934	0	447	241	880	220	928	518	472	558	103	239	540	399
2	0.099885	937	0	449	244	880	221	931	519	473	562	102	233	248	227	96	540	398	651	386
1	0.10019	940	0	450	244	880	221	931	520	473	560	248	225	650	384
2	0.066099	942	0	447	244	880	221	929	519	473	562	240	222	131	246	117	643	383	563	405
1	0.166577	947	0	446	243	879	221	928	518	472	564	138	244	567	404
2	0.066398	949	0	447	241	879	221	928	518	472	563	135	239	168	240	34	566	399	591	398
1	0.133105	953	0	445	241	878	218	927	517	471	557	172	236	590	393
2	0.066492	955	0	445	241	877	219	928	517	470	557	171	239	149	238	22	590	395	573	396
1	0.133112	959	0	445	241	877	219	927	517	470	559	144	237	569	396
2	0.066898	961	0	445	241	877	219	928	516	470	559	144	231	197	242	58	569	392	611	396
1	0.133661	965	0	444	240	877	218	927	515	470	555	202	235	612	389
2	0.098949	967	0	445	240	877	218	927	515	471	558	202	228	198	215	14	613	385	609	376
2	0.066555	970	0	444	239	877	217	927	515	470	560	216	227	253	232	37	624	384	652	385
1	0.465919	975	0	443	238	875	216	925	514	467	554	256	227	650	380
1	0.133304	988	0	444	235	876	213	926	511	468	551	74	247	514	400
2	0.067227	990	0	444	234	876	213	927	511	468	551	82	247	134	256	58	521	399	562	403
1	0.165909	995	0	444	232	877	210	928	508	468	551	133	254	561	399
2	0.099363	998	0	443	233	877	211	928	510	468	550	134	246	176	253	34	560	394	593	396
1	0.099951	1001	0	444	234	876	212	927	510	468	550	179	248	595	394
2	0.066463	1003	0	442	231	876	210	926	508	468	551	175	243	150	250	27	592	390	573	396
1	0.101035	1006	0	442	230	877	208	926	506	467	546	154	248	575	392
2	0.098579	1009	0	444	231	877	209	927	508	468	553	150	249	100	275	46	574	396	538	418
1	0.099958	1012	0	442	230	878	208	928	507	468	550	104	273	539	413
2	0.100117	1015	0	443	227	877	205	927	504	468	547	104	270	84	275	22	539	409	525	414
1	0.166376	1020	0	442	228	876	206	926	505	467	548	88	269	526	410
2	0.066147	1022	0	442	228	876	206	926	506	467	551	87	267	163	273	83	525	411	585	410
1	0.232971	1029	0	444	229	877	207	929	507	469	549	172	263	592	401
2	0.066863	1031	0	444	230	878	208	928	507	468	552	170	255	210	262	40	591	397	621	399
1	0.166199	1036	0	444	228	878	206	929	505	469	545	216	260	625	394
2	0.066386	1038	0	444	228	878	206	929	505	469	550	216	259	256	260	43	626	395	657	394
1	0.266333	1046	0	444	226	879	203	929	504	469	546	259	262	658	392
2	0.06648	1048	0	445	226	879	203	930	504	470	549	258	258	270	262	13	659	390	668	392
1	0.06663	1050	0	443	225	879	202	930	503	469	546	273	260	669	390
2	0.066472	1052	0	443	225	878	203	929	503	468	546	206	255	41	303	185	618	390	492	434
1	0.234194	1059	0	442	227	878	205	928	504	468	550	60	277	505	417
2	0.098712	1062	0	442	226	876	204	927	503	467	546	66	276	127	279	71	509	413	557	411
1	0.10044	1065	0	441	225	876	203	928	502	467	544	128	278	558	410
2	0.065767	1067	0	443	224	877	202	928	502	468	542	121	276	104	280	17	552	407	539	411
1	0.266304	1075	0	442	224	876	202	927	501	467	544	101	276	537	409
2	0.066422	1077	0	442	223	876	202	926	502	467	546	117	274	158	275	44	549	409	581	407
1	0.133321	1081	0	442	224	876	202	927	501	467	544	159	275	581	405
2	0.066509	1083	0	442	224	876	202	927	501	467	547	163	270	210	283	52	585	402	622	408
1	0.099911	1086	0	442	223	876	201	927	501	467	543	211	279	621	404
2	0.066289	1088	0	442	224	876	202	927	501	467	546	202	273	187	279	15	615	402	604	407
1	0.099949	1091	0	441	224	875	202	925	502	466	544	192	269	605	400
2	0.066487	1093	0	441	225	875	203	926	502	466	547	189	276	225	273	38	604	406	632	402
1	0.266211	1101	0	442	224	874	202	926	502	465	547	230	273	635	400
2	0.066769	1103	0	442	224	874	202	925	502	465	548	233	275	266	273	34	637	402	662	399
1	0.266574	1111	0	439	225	874	202	925	501	464	547	268	268	662	395
2	0.066086	1113	0	439	223	874	202	925	501	464	547	260	264	244	275	20	656	392	645	401
1	0.46579	1118	0	438	225	873	202	923	502	464	547	248	266	646	397
1	0.066468	1129	0	437	222	872	196	923	499	462	539	65	300	504	425
2	0.0669	1131	0	437	222	872	196	922	499	461	540	65	299	53	300	12	503	425	494	427
1	0.066832	1133	0	437	222	872	196	922	499	463	544	53	291	495	424
2	0.066682	1135	0	437	222	872	195	923	499	462	539	49	291	118	299	75	491	420	545	421
1	0.132405	1139	0	437	221	873	195	923	499	462	542	114	295	542	420
2	0.066577	1141	0	438	221	873	195	924	498	462	538	115	293	102	293	12	543	417	533	417
1	0.066519	1143	0	438	221	873	195	923	498	461	539	105	294	534	419
2	0.067018	1145	0	437	221	872	195	923	498	462	538	108	299	149	303	44	537	421	569	421
1	0.365679	1156	0	436	220	871	197	922	497	460	538	146	288	566	411
2	0.066849	1158	0	434	219	871	196	921	497	460	538	160	288	177	286	18	575	410	588	407
1	0.066331	1160	0	435	219	871	196	922	496	460	537	177	288	589	408
2	0.066391	1162	0	435	219	872	196	919	498	461	540	196	288	224	290	29	604	409	625	410
1	0.100218	1165	0	434	219	871	196	918	497	460	539	224	285	624	405
2	0.066271	1167	0	434	219	870	196	921	496	460	539	221	282	203	283	20	622	402	608	404
1	0.066574	1169	0	433	219	870	196	920	496	459	539	204	283	608	404
2	0.066597	1171	0	433	217	868	192	920	496	458	539	202	287	206	275	10	606	405	608	397
2	0.466104	1173	0	433	218	869	195	920	496	457	539	208	281	256	278	49	611	402	647	397
1	0.166091	1189	0	434	220	869	197	920	497	457	538	268	276	655	395
2	0.066463	1191	0	435	220	870	197	920	496	458	537	267	275	249	275	19	655	394	641	395
1	0.066497	1193	0	435	220	870	197	920	496	459	538	252	272	644	393
2	0.36635	1195	0	434	219	870	196	921	497	459	538	251	276	274	280	23	644	396	661	398
2	0.100219	1207	0	435	219	871	196	922	496	460	537	70	293	83	292	17	506	418	516	416
1	0.199091	1213	0	435	217	871	189	921	494	461	539	103	302	532	422
2	0.066541	1215	0	435	216	871	191	922	494	459	538	108	301	79	312	32	536	421	514	431
1	0.166368	1220	0	436	216	872	189	923	494	461	538	74	305	510	426
2	0.066972	1222	0	435	216	872	190	922	493	461	537	87	303	149	303	68	520	422	569	418
1	0.066254	1224	0	435	216	871	191	922	494	459	538	147	298	566	416
2	0.09965	1226	0	436	216	872	189	923	493	460	538	149	294	143	281	14	568	413	563	404
2	0.066813	1229	0	436	216	872	190	922	494	461	539	145	288	179	295	36	565	409	592	412
1	0.166499	1234	0	434	215	870	189	921	493	459	537	177	293	589	409
2	0.099636	1237	0	433	214	870	189	920	492	457	535	176	291	237	291	68	586	407	633	403
1	0.199613	1243	0	433	212	870	189	920	490	458	534	235	290	632	401
2	0.067171	1245	0	432	212	869	189	920	490	460	534	220	294	121	294	106	622	404	545	411
1	0.298947	1254	0	431	212	869	189	918	490	455	534	133	281	551	401
2	0.099827	1257	0	431	212	868	189	919	491	459	534	130	279	105	288	32	550	399	531	407
1	0.133494	1261	0	431	213	867	190	917	492	459	535	104	284	530	406
2	0.066035	1263	0	431	214	866	191	917	492	455	535	105	288	135	292	33	529	409	552	410
1	0.200357	1269	0	429	214	866	191	916	493	457	535	150	291	564	410
2	0.066086	1271	0	429	215	866	189	916	494	457	536	151	287	134	299	20	564	408	552	417
1	0.432671	1284	0	431	216	867	189	917	495	456	538	130	305	549	422
2	0.066232	1286	0	431	217	867	191	918	495	459	538	138	308	159	299	23	558	425	573	417
1	0.167315	1291	0	433	215	869	190	920	493	458	537	155	296	571	413
2	0.065616	1293	0	432	215	868	189	919	493	457	536	158	297	132	301	30	572	413	552	417
1	0.233016	1300	0	436	213	873	190	924	492	464	536	129	303	556	418
2	0.066808	1302	0	436	213	873	190	924	492	461	536	132	300	164	305	34	557	417	582	418
1	0.166699	1307	0	437	214	874	188	925	492	462	536	176	300	591	414
2	0.099304	1310	0	437	215	873	188	924	493	462	537	175	305	227	305	47	590	418	630	415
1	0.099803	1313	0	437	214	873	188	924	492	462	537	224	297	628	409
2	0.066543	1315	0	435	213	872	190	922	491	459	535	225	291	204	291	21	627	404	611	405
1	0.166365	1320	0	433	211	870	186	921	490	461	533	206	296	611	405
2	0.066617	1322	0	432	209	870	184	920	489	460	533	206	288	241	293	37	610	399	637	400
1	0.232842	1329	0	431	206	870	183	920	486	460	530	238	290	636	396
2	0.067021	1331	0	430	209	867	183	918	489	458	531	253	292	262	293	9	643	398	650	398
1	0.132569	1335	0	430	208	869	185	919	488	459	530	263	292	653	397
2	0.066788	1337	0	431	208	870	185	920	487	460	530	185	309	65	331	131	596	413	504	437
1	0.133727	1341	0	430	208	868	183	919	486	458	527	70	326	505	432
2	0.099004	1344	0	433	208	872	181	922	486	458	531	72	320	59	312	19	508	429	497	424
1	0.099954	1347	0	433	206	872	183	923	486	459	530	55	316	495	426
2	0.06637	1349	0	431	206	870	183	918	486	460	528	53	313	102	327	55	493	424	532	431
1	0.234195	1356	0	436	208	873	182	923	487	462	531	101	320	534	427
2	0.065819	1358	0	438	209	875	183	925	488	462	532	103	321	171	316	75	537	430	589	421
1	0.13279	1362	0	439	209	876	183	927	488	463	532	205	310	616	413
2	0.099689	1365	0	440	207	878	182	929	487	467	530	203	297	166	302	25	616	404	588	410
1	0.233023	1372	0	439	207	877	181	928	486	464	530	170	305	589	410
2	0.09979	1375	0	438	207	877	184	928	487	467	529	163	307	204	298	50	586	413	616	404
1	0.199615	1381	0	438	208	876	183	928	489	467	532	206	294	618	403
2	0.13308	1385	0	440	212	876	185	928	490	468	533	212	294	130	303	83	622	404	560	416
1	0.099901	1388	0	439	213	875	186	927	491	467	533	134	302	561	415
2	0.39931	1390	0	440	213	876	187	927	492	468	535	135	303	175	307	42	564	418	595	419
1	0.099834	1403	0	438	228	870	204	924	507	466	549	225	288	629	416
2	0.100328	1406	0	436	228	868	204	922	507	464	550	226	292	210	288	11	629	419	616	417
1	0.199256	1412	0	432	229	864	201	917	506	460	547	219	291	617	417
2	0.066418	1414	0	431	230	863	202	916	506	459	547	229	291	257	288	27	624	417	644	413
1	0.199868	1420	0	431	226	862	202	915	504	459	546	251	284	640	408
2	0.099689	1423	0	430	227	862	201	912	502	458	544	252	277	274	278	25	639	403	656	403
1	0.366396	1425	0	429	229	859	202	912	503	457	545	271	279	652	405
2	0.066447	1436	0	429	222	860	198	911	499	457	541	62	321	54	311	12	497	442	490	436
1	0.099595	1439	0	427	220	855	197	909	497	455	539	54	318	488	439
2	0.067437	1441	0	428	222	855	196	909	497	455	539	55	317	113	329	64	489	438	535	443
1	0.265226	1449	0	435	225	862	199	915	499	463	541	99	315	530	436
2	0.067421	1451	0	437	225	865	202	917	499	465	542	108	317	173	323	69	541	437	591	438
1	0.132239	1455	0	447	222	877	197	927	496	472	539	164	315	591	430
2	0.099924	1458	0	440	226	871	203	921	499	465	542	167	309	134	306	24	586	428	561	428
1	0.199628	1464	0	432	219	864	196	914	493	460	536	145	303	563	421
2	0.066666	1466	0	432	219	863	196	913	493	457	536	148	302	153	310	9	564	418	568	423
1	0.099946	1469	0	438	228	868	201	918	501	463	549	150	299	571	427
2	0.099546	1471	0	437	227	867	203	917	503	462	545	160	311	156	300	11	578	434	574	426
2	0.066648	1474	0	433	222	865	198	915	499	461	541	161	309	210	321	53	576	428	614	433
1	0.066488	1476	0	430	224	862	198	912	499	455	542	216	309	614	425
2	0.06654	1478	0	429	222	859	196	912	497	456	537	223	310	234	306	10	618	421	625	418
1	0.067429	1480	0	444	221	876	196	926	497	469	537	221	308	631	420
2	0.099038	1482	0	447	222	879	199	929	497	472	537	220	308	212	301	10	634	421	627	417
2	0.066848	1485	0	439	222	872	195	919	498	463	537	242	310	259	315	19	639	421	653	423
1	0.398923	1488	0	435	221	868	198	918	497	458	537	262	309	653	418
1	0.19967	1503	0	445	225	876	203	927	500	470	545	52	330	504	453
2	0.067046	1505	0	441	223	872	201	923	498	465	538	86	334	113	336	31	526	448	548	448
1	0.099338	1508	0	438	223	870	197	917	497	462	540	117	329	546	445
2	0.100021	1511	0	437	222	869	197	916	497	461	539	120	323	100	328	16	547	439	532	444
1	0.232779	1518	0	438	222	869	197	920	496	462	538	90	330	526	444
2	0.066949	1520	0	440	220	869	198	920	496	462	540	100	334	119	332	20	535	447	550	445
1	0.13306	1524	0	442	219	873	197	923	494	466	534	120	333	553	441
2	0.066949	1526	0	442	219	873	197	923	494	466	537	119	329	168	328	51	553	440	590	436
1	0.09908	1529	0	443	217	875	197	923	499	468	533	188	323	605	432
2	0.067071	1531	0	446	219	876	197	924	499	469	534	188	327	164	328	24	606	435	588	437
1	0.232486	1538	0	443	218	875	196	922	493	468	533	165	325	588	433
2	0.066877	1540	0	441	217	875	195	926	498	467	532	168	320	209	324	43	589	430	620	430
1	0.199313	1546	0	443	215	874	193	926	490	467	533	202	321	618	426
2	0.099796	1549	0	443	214	875	192	922	490	467	530	204	325	213	328	10	618	428	625	429
1	0.432609	1562	0	443	208	877	188	925	491	469	526	211	323	624	422
2	0.068027	1564	0	443	205	876	187	924	486	469	526	207	317	254	329	53	622	417	659	423
1	0.43142	1577	0	447	198	880	180	928	485	471	520	261	322	665	412
2	0.10044	1580	0	450	197	884	179	930	484	472	519	167	323	55	349	133	596	417	510	442
1	0.198891	1586	0	449	196	884	178	929	483	472	518	56	345	510	437
2	0.1008	1589	0	449	199	883	179	928	484	471	519	59	343	274	337	131	511	437	676	421
1	0.131978	1593	0	447	197	881	179	927	484	469	519	276	327	676	414
2	0.066536	1595	0	447	198	882	178	926	483	469	518	279	328	258	321	23	677	413	661	410
1	0.233018	1602	0	447	194	882	176	927	480	470	516	254	321	660	407
2	0.066488	1604	0	447	195	883	175	927	480	470	516	253	316	271	320	18	658	404	672	406
1	0.565673	1621	0	451	194	886	176	931	479	474	516	263	315	671	402
2	0.067383	1623	0	451	194	886	175	931	480	474	516	263	322	256	321	10	671	408	664	407
1	0.33203	1633	0	451	195	886	175	931	480	474	516	258	321	666	407
2	0.099776	1636	0	451	194	886	176	931	480	474	515	258	326	269	328	10	667	410	675	411
1	0.29974	1645	0	451	194	887	174	932	479	474	516	268	322	674	407
2	0.066391	1647	0	452	194	887	173	932	479	475	513	270	320	246	325	25	675	404	657	409
1	0.100147	1650	0	451	193	887	174	932	479	474	514	246	318	657	404
2	0.132812	1654	0	452	193	888	173	933	478	474	510	247	320	73	354	189	657	404	526	437
1	0.099688	1657	0	453	192	889	177	934	478	474	513	70	350	525	435
2	0.06743	1659	0	454	192	890	177	932	478	476	509	69	353	52	357	19	525	435	512	439
1	0.132289	1663	0	454	192	890	177	932	477	476	508	51	352	511	434
2	0.066914	1665	0	454	193	890	178	932	478	476	509	52	360	77	363	27	512	441	532	441
1	0.432881	1667	0	454	193	890	178	935	478	474	513	101	347	550	431
1	0.431832	1691	0	452	192	888	173	933	477	474	509	143	320	578	408
2	0.066776	1693	0	452	192	888	173	933	478	474	510	143	320	177	325	36	578	409	605	411
1	0.19981	1699	0	452	191	888	176	933	477	471	513	207	316	628	403
2	0.066266	1701	0	452	191	888	176	932	476	473	513	202	315	185	317	16	625	403	613	406
1	0.26651	1709	0	451	190	887	175	932	476	472	513	187	315	613	402
2	0.066328	1711	0	451	190	887	175	931	476	473	508	187	315	241	319	55	612	401	653	402
1	0.465875	1725	0	452	190	888	175	933	476	474	510	232	316	648	401
2	0.066488	1727	0	452	189	888	174	933	475	472	509	227	312	226	321	9	643	396	643	403
2	0.066613	1729	0	452	190	888	175	933	476	474	508	224	320	239	320	15	642	403	653	403
1	0.099747	1732	0	453	190	888	175	933	476	475	507	250	322	662	403
2	0.099815	1735	0	453	191	889	176	931	477	475	508	251	323	235	321	15	662	404	650	403
1	0.233	1742	0	453	191	890	176	935	476	475	510	228	322	647	404
2	0.100484	1745	0	454	189	890	168	933	476	474	512	235	316	203	321	16	649	401	626	406
1	0.198993	1751	0	455	188	890	170	933	475	474	510	203	322	627	406
2	0.066546	1753	0	455	188	891	170	934	474	475	511	206	320	243	321	39	630	404	658	403
1	0.465847	1766	0	454	187	891	168	934	474	476	510	243	317	658	399
2	0.066533	1768	0	454	187	890	168	932	473	476	509	255	315	261	303	13	666	396	670	387
1	0.199771	1774	0	454	186	891	171	933	472	476	508	262	300	672	385
2	0.09977	1777	0	454	185	891	170	933	472	474	508	265	298	56	332	119	673	383	513	418
1	0.532415	1793	0	453	185	889	170	931	472	475	508	57	322	514	410
2	0.100264	1796	0	452	185	888	170	934	472	474	508	52	323	259	307	170	509	410	669	388
1	0.265848	1804	0	451	183	887	164	933	470	473	506	264	305	670	384
2	0.066432	1806	0	450	183	887	168	932	469	472	505	264	307	273	306	10	671	386	678	384
1	0.133111	1810	0	449	182	887	167	932	470	472	506	273	305	678	384
2	0.067553	1812	0	450	183	887	168	932	470	472	506	268	305	66	331	217	674	384	519	413
1	0.431654	1825	0	451	186	887	167	932	472	473	508	53	333	509	419
2	0.099852	1828	0	450	186	886	167	931	473	472	509	69	322	104	326	37	520	411	547	412
1	0.099798	1831	0	450	187	887	167	932	474	472	509	105	326	548	411
2	0.066767	1833	0	451	187	887	168	932	474	473	509	103	324	88	329	16	547	411	536	416
1	0.432794	1835	0	451	188	888	173	932	474	473	510	88	317	537	408
1	0.099507	1849	0	452	189	889	168	934	475	474	508	73	320	524	409
2	0.066485	1851	0	452	189	888	170	933	476	474	508	69	316	115	324	49	521	407	557	411
1	0.099761	1854	0	452	189	888	169	933	475	474	507	115	325	556	411
2	0.06745	1856	0	453	188	889	169	934	473	473	510	114	318	96	318	18	557	406	543	407
1	0.099062	1859	0	453	188	890	168	935	474	475	506	99	322	545	407
2	0.066626	1861	0	453	188	890	169	935	474	475	508	99	322	164	322	69	546	408	596	405
1	0.199579	1867	0	454	188	890	169	935	473	476	509	162	309	595	398
2	0.100069	1870	0	453	188	889	169	932	475	475	510	161	305	227	305	67	593	395	643	392
1	0.233034	1877	0	453	188	889	169	932	474	475	510	224	303	641	390
2	0.066169	1879	0	452	188	888	173	931	474	473	511	222	302	204	305	20	640	390	626	393
1	0.066828	1881	0	452	188	888	170	933	474	472	510	200	309	622	395
2	0.066634	1883	0	452	188	888	169	933	474	474	509	198	305	196	295	9	620	393	618	386
1	0.066641	1885	0	452	187	888	172	934	473	474	509	194	302	619	389
2	0.066162	1887	0	453	187	889	168	934	473	475	510	196	301	189	312	12	620	390	615	398
1	0.133038	1891	0	452	186	888	171	934	473	472	507	188	315	613	398
2	0.066595	1893	0	452	186	888	171	934	473	474	507	186	315	230	320	46	613	398	647	399
1	0.499288	1908	0	451	186	887	171	933	472	473	508	229	322	646	400
2	0.066408	1910	0	451	186	887	167	933	472	473	506	232	324	189	335	46	646	401	614	411
1	0.099873	1913	0	450	186	887	167	932	472	472	508	193	324	616	404
2	0.067324	1915	0	451	185	887	166	933	472	473	508	194	333	195	320	13	618	410	619	401
2	0.065817	1917	0	451	185	888	170	933	472	472	508	203	316	234	320	33	625	398	649	399
1	0.166289	1922	0	452	186	889	171	934	472	474	507	232	320	649	399
2	0.066987	1924	0	452	186	889	171	934	472	474	508	234	320	233	331	10	651	399	651	407
1	0.165999	1929	0	452	186	889	171	934	473	472	510	235	322	651	402
2	0.066509	1931	0	453	186	889	171	931	473	475	509	239	334	275	331	37	655	410	682	406
1	0.133684	1935	0	454	187	891	168	934	474	476	510	273	318	681	398
2	0.099203	1938	0	454	187	891	168	934	474	476	508	279	323	65	343	180	684	401	522	426
1	0.133304	1942	0	455	188	892	169	937	473	477	509	65	344	523	426
2	0.066409	1944	0	456	188	892	169	938	474	476	512	68	340	54	344	16	525	426	514	430
1	0.233377	1951	0	456	190	892	174	938	475	478	507	52	349	514	430
2	0.099389	1954	0	456	189	892	170	939	475	475	513	56	345	100	343	24	515	430	550	426
1	0.100296	1957	0	455	188	891	173	934	475	477	510	99	336	550	420
2	0.06614	1959	0	455	188	891	168	934	474	473	509	98	335	79	333	20	545	419	530	418
1	0.166297	1964	0	455	188	891	168	934	474	477	508	73	338	528	422
2	0.066774	1966	0	454	187	890	172	932	473	476	508	72	334	47	344	30	527	418	508	427
1	0.099928	1969	0	454	186	890	171	934	473	474	508	49	336	508	420
2	0.066651	1971	0	453	185	890	170	932	472	473	508	53	333	94	339	45	510	419	543	422
1	0.099503	1974	0	454	185	891	170	933	472	474	509	94	337	543	420
2	0.099828	1977	0	453	184	890	169	932	471	474	508	96	336	79	332	13	545	418	532	416
1	0.432682	1990	0	453	183	889	168	934	470	473	507	81	339	533	419
2	0.066455	1992	0	454	183	889	168	932	470	473	505	84	342	124	350	44	535	421	567	425
1	0.266769	2000	0	454	183	890	168	933	470	472	508	122	338	565	417
2	0.066021	2002	0	454	184	891	169	933	471	476	508	123	334	156	341	36	568	415	594	418
1	0.232946	2009	0	455	185	892	169	938	471	475	509	155	338	593	417
2	0.432595	2011	0	455	185	891	170	933	472	474	504	159	338	150	346	12	594	415	587	421
1	0.199681	2028	0	456	185	893	169	939	471	477	507	189	332	621	410
2	0.066525	2030	0	457	186	893	170	939	471	475	510	190	325	107	346	92	621	405	557	425
1	0.266153	2038	0	457	185	894	169	940	472	477	510	106	335	557	419
2	0.099828	2041	0	456	185	893	169	939	471	476	509	107	339	81	334	20	557	421	536	418
1	0.266349	2049	0	456	184	892	168	938	470	478	506	78	336	534	416
2	0.066687	2051	0	455	184	891	169	933	471	477	506	78	331	117	331	42	533	414	563	412
1	0.066272	2053	0	454	184	891	169	933	470	473	505	122	332	565	411
2	0.133315	2055	0	454	182	891	166	934	469	475	504	122	333	128	321	12	566	412	569	403
2	0.066355	2059	0	455	182	892	166	938	468	474	506	122	332	140	327	20	567	410	581	405
1	0.199771	2065	0	456	181	893	165	940	467	477	503	161	329	599	405
2	0.066441	2067	0	456	181	893	165	940	467	476	503	161	336	147	336	16	599	408	587	409
1	0.43287	2080	0	455	180	893	164	939	466	475	498	151	340	589	409
2	0.066341	2082	0	455	180	892	164	939	466	478	502	147	331	165	335	20	588	406	602	408
1	0.166296	2087	0	456	180	894	164	940	466	475	502	167	343	603	413
2	0.067513	2089	0	456	180	893	164	939	467	475	503	179	338	222	346	47	612	409	646	413
1	0.132174	2093	0	458	181	895	165	941	467	479	503	223	336	649	407
2	0.067146	2095	0	458	181	896	165	942	467	478	506	222	333	252	336	32	649	405	672	405
1	0.299772	2104	0	460	181	897	165	944	468	479	503	250	338	671	406
2	0.065768	2106	0	459	181	897	165	944	468	480	504	249	336	265	329	17	671	405	682	399
1	0.399651	2108	0	459	181	896	165	944	474	478	504	270	332	683	404
1	0.332355	2128	0	459	179	897	163	943	466	478	498	59	347	520	419
2	0.066603	2130	0	459	179	897	163	943	466	478	498	59	345	51	348	9	520	418	514	420
1	0.133324	2134	0	458	180	896	164	942	466	477	498	54	348	515	420
2	0.066253	2136	0	458	179	896	163	942	465	476	497	48	337	93	350	50	510	412	546	419
1	0.233482	2143	0	459	178	896	162	943	465	477	497	91	347	545	417
2	0.06701	2145	0	458	172	896	162	942	465	477	497	98	347	134	354	39	551	414	580	418
1	0.198686	2151	0	459	172	897	162	944	471	479	497	135	345	581	413
2	0.066612	2153	0	459	175	897	162	939	464	478	496	134	334	135	347	12	579	404	580	413
2	0.066775	2155	0	459	177	897	161	943	464	479	496	131	343	102	355	34	578	410	555	420
1	0.099709	2158	0	459	177	896	161	938	464	478	496	103	349	554	416
2	0.066641	2160	0	458	177	896	161	938	464	476	496	103	349	138	350	37	554	417	581	416
1	0.099493	2163	0	457	171	896	161	942	464	477	496	140	350	585	414
2	0.100274	2166	0	458	171	896	161	943	464	478	496	136	345	105	350	35	583	411	558	416
1	0.133981	2170	0	458	178	896	162	943	465	478	497	78	356	536	423
2	0.132204	2174	0	458	172	896	162	943	465	478	497	81	347	138	348	57	538	415	584	413
1	0.232632	2181	0	459	178	897	162	940	471	477	496	142	347	583	416
2	0.066935	2183	0	459	178	897	162	943	465	477	497	136	346	168	350	34	581	414	606	415
1	0.565259	2187	0	459	177	897	161	939	464	477	496	179	344	613	410
1	0.166513	2205	0	459	178	897	162	944	465	477	497	136	339	580	409
2	0.066548	2207	0	459	178	898	162	944	465	478	497	149	347	180	325	39	592	414	614	397
1	0.46664	2221	0	456	176	895	160	941	464	476	499	190	330	621	399
2	0.099566	2223	0	456	175	894	159	941	463	478	495	206	321	204	331	11	632	391	632	399
2	0.066044	2226	0	456	175	894	159	941	463	474	498	205	326	245	332	44	631	395	663	398
1	0.266116	2234	0	456	174	894	158	941	461	475	497	245	330	664	395
2	0.066647	2236	0	456	173	894	157	941	461	474	493	255	335	265	344	12	670	396	678	402
1	0.499141	2242	0	455	174	893	158	939	461	477	493	267	336	679	397
1	0.067281	2253	0	456	174	894	158	942	462	476	498	46	359	509	427
2	0.065832	2255	0	456	169	894	159	942	463	475	495	48	366	93	368	51	511	430	547	429
1	0.166473	2260	0	457	175	895	159	942	463	476	498	99	364	551	428
2	0.066414	2262	0	457	175	895	159	938	463	475	495	99	358	139	362	43	550	423	582	424
1	0.233145	2269	0	458	175	896	159	939	462	478	498	160	357	600	420
2	0.066629	2271	0	458	175	896	159	943	463	477	499	157	356	194	359	41	598	420	628	420
1	0.265992	2279	0	458	174	896	158	944	462	476	494	194	357	626	415
2	0.066424	2281	0	458	174	896	158	944	462	476	498	193	353	237	364	49	626	414	661	419
1	0.100126	2284	0	458	174	896	158	944	462	476	498	242	362	665	418
2	0.09962	2286	0	459	174	897	158	940	462	481	494	239	351	243	360	9	662	411	666	417
2	0.067145	2289	0	458	174	897	158	944	462	476	498	248	356	265	365	19	670	413	683	419
1	0.233496	2296	0	459	175	897	159	945	462	477	494	266	361	683	414
2	0.06543	2298	0	458	174	897	158	944	462	480	494	275	356	281	364	9	691	411	696	416
1	0.066459	2300	0	458	174	896	158	944	462	476	494	280	361	693	413
2	0.066682	2302	0	458	174	896	158	939	462	477	498	279	354	90	389	205	692	412	547	448
1	0.299353	2311	0	457	172	896	156	942	460	477	492	52	392	516	446
2	0.066738	2313	0	457	172	895	156	942	460	477	499	51	381	76	385	26	516	444	536	445
1	0.299481	2322	0	457	171	895	155	942	459	476	494	100	377	553	434
2	0.066614	2324	0	455	165	895	155	938	459	476	491	98	375	150	387	58	552	430	594	436
1	0.266812	2332	0	455	170	894	154	941	459	474	491	152	377	592	430
2	0.065869	2334	0	456	170	895	154	938	458	478	494	147	382	194	379	51	591	434	628	430
1	0.199621	2340	0	456	166	896	156	939	460	477	499	205	372	639	428
2	0.067216	2342	0	456	166	896	156	940	460	476	499	206	381	243	386	40	640	433	669	434
1	0.199043	2347	0	458	173	896	157	943	461	476	493	247	385	669	433
2	0.066401	2349	0	458	173	896	157	943	461	476	493	247	381	201	377	49	669	430	633	430
1	0.166426	2354	0	458	174	896	158	939	462	476	494	206	375	635	430
2	0.067352	2357	0	458	174	896	158	943	462	476	494	210	371	251	384	47	639	426	672	433
1	0.265493	2361	0	458	174	896	158	939	462	477	498	250	380	672	432
2	0.066538	2366	0	457	175	896	159	943	463	479	495	55	407	54	399	8	521	460	519	454
1	0.066496	2368	0	457	176	896	160	942	463	477	495	58	397	521	453
2	0.099823	2370	0	458	176	897	160	943	464	476	496	60	400	56	390	10	522	457	519	450
2	0.066635	2373	0	456	176	895	160	940	464	478	496	92	359	145	333	61	546	425	586	404
1	0.233133	2380	0	457	176	896	160	942	464	475	496	143	319	583	393
2	0.066602	2382	0	456	171	895	160	941	463	474	495	145	321	190	337	50	585	392	621	403
1	0.199298	2388	0	455	168	894	158	942	462	474	498	185	333	619	398
2	0.066598	2390	0	456	174	894	158	942	462	476	498	189	325	227	334	43	620	395	651	399
1	0.133389	2394	0	456	174	894	158	940	461	478	493	240	333	659	396
2	0.066595	2396	0	456	173	894	157	940	461	475	497	241	330	240	321	9	660	394	658	388
2	0.066174	2398	0	456	173	894	157	937	461	474	497	243	323	273	333	31	660	391	683	396
1	0.099991	2401	0	455	174	893	158	939	461	474	493	272	335	682	395
2	0.066439	2403	0	456	174	894	158	940	461	478	493	241	337	55	372	204	661	399	518	433
1	0.100951	2406	0	455	173	893	157	940	461	474	497	63	355	520	422
2	0.098774	2409	0	455	174	893	158	936	461	474	497	61	350	54	354	9	518	420	513	423
1	0.133122	2413	0	454	173	892	157	938	461	476	493	53	358	513	423
2	0.066522	2415	0	454	173	892	157	939	461	476	496	62	351	130	360	77	520	420	575	423
1	0.199582	2421	0	455	173	893	157	940	461	475	497	130	353	574	417
2	0.067107	2423	0	456	174	894	158	940	462	474	498	130	348	172	355	46	574	415	607	417
1	0.299056	2432	0	457	173	895	157	938	461	475	497	189	351	621	413
2	0.067174	2434	0	456	173	894	157	941	461	474	497	196	340	238	350	46	626	405	659	410
1	0.165692	2439	0	455	172	894	156	941	460	477	496	240	354	662	410
2	0.066682	2441	0	456	172	895	156	941	459	474	491	244	345	256	358	17	662	403	673	411
1	0.09974	2444	0	456	172	895	156	941	460	474	496	269	353	683	409
2	0.100034	2447	0	456	171	895	155	942	460	478	495	266	347	20	382	249	682	404	491	442
1	0.26624	2455	0	457	172	896	156	942	460	479	496	57	370	521	434
2	0.066261	2457	0	457	171	896	155	943	460	477	496	59	365	128	366	76	521	429	576	426
1	0.232911	2464	0	456	172	895	156	938	460	476	498	127	359	574	423
2	0.066728	2466	0	456	172	895	156	941	460	475	496	126	356	168	366	47	572	419	606	424
1	0.332743	2476	0	454	173	893	157	939	461	474	496	188	361	619	419
2	0.099762	2479	0	455	173	893	157	936	461	474	497	185	359	240	327	63	617	419	657	393
1	0.266233	2487	0	455	172	893	156	940	460	475	498	240	314	658	383
2	0.066499	2489	0	455	173	893	157	939	461	477	496	237	314	245	300	15	656	383	661	373
1	0.066562	2491	0	455	173	893	157	940	461	474	493	247	305	661	375
2	0.099886	2494	0	455	172	893	156	940	460	477	496	241	299	263	312	17	658	372	676	380
1	0.132996	2498	0	455	172	894	156	940	460	474	496	266	310	677	378
2	0.067498	2500	0	455	172	894	156	937	460	473	496	263	311	84	340	196	674	378	535	408
1	0.098986	2503	0	456	172	894	156	941	460	475	492	54	342	513	410
2	0.099974	2506	0	455	172	894	156	940	460	473	496	53	323	55	328	14	511	399	512	403
1	0.066283	2508	0	454	168	893	157	940	461	477	493	53	326	513	399
2	0.10014	2511	0	455	173	894	157	940	461	477	493	55	333	124	333	80	515	405	569	401
1	0.133045	2515	0	455	173	894	157	940	461	474	497	126	330	569	401
2	0.099651	2517	0	455	174	894	158	940	462	475	494	138	329	157	323	21	578	398	593	393
2	0.066726	2520	0	455	174	894	158	940	462	477	494	143	325	129	323	16	584	396	572	396
1	0.465908	2523	0	456	174	895	158	942	462	476	498	130	321	573	395
1	0.066342	2536	0	453	175	892	154	938	463	475	495	107	320	552	395
2	0.066556	2538	0	454	175	893	159	939	463	476	495	107	320	151	326	47	554	395	589	397
1	0.099898	2541	0	454	175	893	154	940	463	476	495	150	323	586	393
2	0.099779	2543	0	454	175	893	156	940	463	476	495	146	314	147	327	12	583	387	585	396
2	0.066919	2546	0	454	175	893	154	940	463	476	495	139	319	126	318	16	578	391	567	391
1	0.232607	2553	0	454	175	893	159	940	463	476	495	124	316	567	390
2	0.066633	2555	0	454	175	892	159	939	463	476	495	134	318	231	317	101	575	392	650	387
1	0.099644	2558	0	453	174	892	158	938	462	475	494	234	313	651	383
2	0.100252	2561	0	453	174	892	158	938	462	475	494	234	307	167	331	53	650	379	600	399
1	0.16602	2566	0	453	173	891	158	938	461	475	493	168	322	601	392
2	0.066603	2568	0	453	173	892	157	938	461	475	496	181	318	217	316	39	611	390	639	386
1	0.166345	2573	0	452	172	891	157	937	460	474	492	212	317	634	385
2	0.099783	2576	0	451	173	890	158	933	461	473	495	213	320	238	319	26	634	388	653	386
1	0.333042	2586	0	452	172	891	157	937	460	474	496	238	317	655	385
2	0.066354	2588	0	452	173	891	158	937	460	474	496	243	313	264	320	23	659	383	675	386
1	0.499763	2603	0	453	173	891	158	937	461	475	496	266	306	675	376
2	0.066147	2605	0	452	173	891	158	937	461	474	496	268	303	265	321	19	676	374	676	388
1	0.166736	2610	0	453	172	892	156	938	460	475	495	266	325	678	389
2	0.066068	2612	0	453	172	892	156	938	460	475	496	270	327	133	330	146	681	391	575	400
1	0.166407	2617	0	453	172	893	156	939	460	475	496	60	351	518	418
2	0.066435	2619	0	453	171	893	155	939	460	475	495	60	333	50	354	23	517	404	510	420
1	0.299488	2628	0	452	170	892	154	938	459	474	493	47	338	506	407
2	0.099821	2630	0	452	170	892	154	938	458	474	496	43	336	63	338	20	503	407	519	408
2	0.099892	2634	0	452	169	892	153	938	457	474	493	71	336	146	329	82	525	403	584	394
1	0.133025	2638	0	452	168	892	152	939	457	475	494	143	329	583	395
2	0.066699	2640	0	452	168	892	152	939	457	475	494	139	319	142	331	13	579	387	582	396
2	0.499098	2642	0	452	169	892	153	938	457	474	495	142	331	184	340	46	581	397	615	401
1	0.232857	2662	0	435	201	869	178	916	479	459	519	370	55	712	222
2	0.10018	2665	0	433	203	867	180	915	481	458	523	294	119	114	319	264	660	270	540	419
1	0.099574	2668	0	433	204	867	181	915	481	458	523	115	315	540	416
2	0.06741	2670	0	433	204	868	181	916	481	458	525	115	306	74	323	46	540	412	510	427
1	0.298701	2679	0	436	196	871	179	919	479	462	526	63	338	506	436
2	0.066457	2681	0	437	196	872	179	920	478	463	518	66	338	99	342	38	509	431	536	432
1	0.233143	2688	0	437	196	872	179	920	479	463	519	108	334	542	426
2	0.066431	2690	0	437	196	872	179	920	479	463	523	106	332	144	334	42	541	427	571	426
1	0.233462	2697	0	436	197	870	180	918	481	461	520	148	332	571	423
2	0.066052	2699	0	435	199	870	181	918	482	461	524	143	325	170	333	31	567	422	589	426
1	0.199552	2705	0	435	205	869	182	917	482	460	525	186	332	599	426
2	0.067575	2707	0	435	206	870	183	917	483	460	523	223	313	384	70	276	624	410	724	237
1	0.065982	2709	0	435	207	870	184	917	484	460	524	403	49	736	223
2	0.099283	2712	0	436	210	869	187	917	487	461	530	398	30	350	92	36	731	214	702	256
1	0.066679	2714	0	436	211	869	188	917	488	461	533	351	80	702	249
2	0.099775	2717	0	436	211	869	188	917	487	461	527	352	64	388	65	12	700	239	726	238
1	0.266142	2725	0	435	211	868	188	916	487	460	529	382	64	722	237
2	0.066593	2727	0	436	210	869	187	918	487	461	533	376	68	349	74	27	720	239	701	245
1	0.13311	2731	0	435	211	868	188	916	487	460	531	359	59	705	235
2	0.06657	2733	0	435	211	869	188	917	487	460	530	350	40	410	53	62	697	223	742	229
1	0.199615	2739	0	437	210	870	187	918	487	461	533	435	57	762	230
2	0.066503	2741	0	436	211	869	188	917	487	462	530	439	54	419	56	19	762	229	748	231
1	0.133193	2745	0	436	210	869	187	917	487	462	529	423	59	751	232
2	0.066856	2747	0	437	210	869	187	917	487	462	532	407	54	349	75	58	740	229	701	245
1	0.232677	2754	0	436	212	870	189	917	488	461	530	356	71	705	244
2	0.066425	2756	0	435	206	870	189	917	488	462	530	366	73	411	84	46	714	244	747	249
1	0.233153	2763	0	437	212	870	189	918	488	462	533	415	72	749	242
2	0.066527	2765	0	436	213	869	190	916	489	462	532	414	80	403	66	18	747	249	738	240
1	0.200188	2771	0	434	208	868	190	919	489	460	531	400	66	736	239
2	0.066063	2773	0	435	212	868	189	919	489	460	534	422	69	474	83	53	751	240	789	247
1	0.399149	2785	0	437	216	869	193	919	492	462	535	476	76	791	246
2	0.066633	2787	0	437	216	869	193	919	492	462	537	456	82	410	106	48	778	251	748	269
1	0.133049	2791	0	436	217	868	194	919	492	461	537	417	77	749	250
2	0.133187	2794	0	435	217	868	194	919	493	460	535	456	74	528	83	84	775	247	827	250
1	0.365965	2806	0	436	217	869	194	917	493	462	538	549	85	843	251
2	0.066736	2808	0	436	217	869	194	919	493	461	533	504	99	337	111	162	812	261	694	276
1	0.133067	2812	0	436	217	869	194	917	493	462	538	352	105	705	272
2	0.099789	2814	0	437	217	869	194	917	493	462	538	353	96	332	96	22	706	266	690	267
2	0.067349	2817	0	437	216	869	193	919	492	462	537	334	103	326	89	15	693	270	686	261
1	0.132206	2821	0	436	215	869	192	916	491	461	536	336	94	693	264
2	0.066759	2823	0	436	215	869	192	916	491	461	536	360	92	395	96	34	709	261	735	262
1	0.232819	2830	0	436	214	869	191	916	490	461	535	396	89	736	257
2	0.066703	2832	0	436	214	869	191	916	490	461	534	381	84	394	87	11	724	254	733	255
1	0.066315	2834	0	436	214	870	191	917	490	461	535	396	90	736	257
2	0.066503	2836	0	437	214	870	191	917	490	462	532	395	87	385	93	11	735	255	728	260
2	0.066838	2838	0	437	214	870	191	919	490	463	535	385	82	459	94	74	728	252	782	257
1	0.066241	2840	0	436	214	870	191	917	490	461	534	467	93	786	256
2	0.100002	2843	0	436	213	869	190	918	489	461	535	472	80	443	120	15	789	246	772	274
1	0.233426	2850	0	435	213	869	190	919	489	460	531	443	99	769	260
2	0.132492	2852	0	435	213	868	190	918	489	460	533	448	94	509	102	63	771	256	816	259
2	0.066611	2856	0	434	211	867	188	918	487	459	530	513	103	500	104	13	818	257	809	259
1	0.465956	2870	0	434	210	867	187	917	487	459	531	539	103	836	255
2	0.100472	2873	0	435	209	868	186	916	486	458	526	568	98	339	134	187	856	250	695	284
1	0.431853	2886	0	436	209	869	186	916	485	460	525	342	130	698	280
2	0.067102	2888	0	436	209	869	186	917	486	460	526	349	127	382	128	32	703	278	727	278
1	0.099973	2891	0	435	208	870	185	917	485	461	524	392	128	734	277
2	0.065917	2893	0	436	208	870	185	917	485	461	524	394	123	373	113	23	736	273	720	267
1	0.299537	2902	0	436	206	871	183	918	483	461	522	407	120	745	269
2	0.099708	2905	0	435	206	870	183	917	483	460	523	412	126	413	127	11	749	272	750	273
2	0.066879	2907	0	435	207	870	184	917	484	460	524	404	126	376	126	28	743	273	723	275
1	0.199511	2913	0	435	206	870	183	917	484	461	526	382	123	728	272
2	0.099755	2916	0	435	206	870	183	917	484	460	524	385	118	438	126	39	729	268	768	271
1	0.201275	2922	0	436	207	870	184	917	483	461	526	448	119	775	267
2	0.06492	2924	0	434	206	868	183	915	483	459	523	459	115	493	122	36	780	263	805	266
1	0.099873	2927	0	434	206	869	183	916	483	458	523	492	120	805	265
2	0.066514	2929	0	435	206	869	183	918	483	459	525	484	108	464	120	23	799	257	785	266
1	0.134358	2933	0	434	206	869	183	916	483	459	523	464	115	785	263
2	0.098676	2936	0	433	207	867	184	918	484	458	524	464	114	523	117	70	783	263	825	262
1	0.199853	2941	0	433	205	866	182	918	482	458	522	530	121	830	262
2	0.066266	2943	0	432	205	866	182	918	482	457	525	534	145	551	126	24	836	278	846	264
1	0.066719	2945	0	432	206	866	183	917	483	456	525	557	119	848	261
2	0.099707	2948	0	430	206	865	183	914	483	455	523	556	121	320	143	156	847	263	679	288
1	0.19955	2954	0	430	206	865	183	916	483	456	525	322	135	680	282
2	0.066845	2956	0	430	204	863	182	914	482	455	524	317	129	373	145	56	676	277	718	285
1	0.09955	2959	0	427	205	861	182	911	482	451	522	392	140	728	281
2	0.099991	2961	0	427	206	861	183	911	483	455	526	385	134	401	130	16	723	279	734	275
2	0.06641	2964	0	427	206	861	183	912	484	451	524	394	132	373	132	20	728	277	713	278
1	0.100004	2967	0	426	206	861	183	910	483	451	523	376	137	715	281
2	0.066363	2969	0	426	206	861	183	910	483	451	526	383	134	469	145	88	721	279	784	282
1	0.199793	2975	0	428	208	863	185	914	485	453	525	462	136	779	278
2	0.066887	2977	0	429	208	863	185	915	485	454	525	455	132	464	134	9	775	276	781	276
2	0.066068	2979	0	429	208	863	185	915	485	453	525	455	131	520	140	65	775	275	822	278
1	0.233416	2986	0	430	208	865	185	915	485	455	525	530	134	830	274
2	0.06615	2988	0	430	208	864	185	915	485	454	525	528	135	559	136	31	828	274	850	274
1	0.06745	2990	0	430	208	864	185	915	485	454	525	557	135	848	273
2	0.098889	2993	0	430	207	864	184	913	484	453	526	486	138	332	160	174	798	277	689	299
1	0.233402	3000	0	431	205	865	182	917	482	456	524	321	153	682	293
2	0.066133	3002	0	431	205	865	182	916	482	456	525	352	151	391	160	42	704	290	734	294
1	0.133169	3006	0	430	206	865	183	916	483	456	525	391	140	731	282
2	0.066488	3008	0	431	206	866	183	915	483	456	523	403	134	381	120	26	740	278	723	270
2	0.399407	3010	0	432	206	867	183	917	483	456	525	390	106	451	140	68	729	260	776	279
1	0.232713	3027	0	432	205	867	184	917	484	457	524	450	133	775	275
2	0.067547	3029	0	432	207	866	184	917	484	457	524	470	129	525	140	55	788	272	828	277
1	0.199245	3035	0	433	209	866	186	918	485	458	525	523	127	825	270
2	0.099361	3038	0	433	209	866	186	915	485	458	525	518	128	542	128	25	822	271	838	270
1	0.099864	3041	0	432	208	865	185	916	484	456	524	542	130	838	270
2	0.099764	3043	0	433	209	865	186	915	485	457	525	541	132	569	137	29	837	273	858	275
2	0.099928	3047	0	432	209	865	186	915	485	455	525	563	134	326	140	123	853	273	683	288
1	0.166352	3052	0	432	208	866	185	916	485	456	525	326	143	684	289
2	0.067327	3054	0	432	208	866	185	916	485	456	525	336	133	324	139	14	691	281	683	286
2	0.065739	3056	0	432	208	866	185	916	485	456	525	324	152	405	156	84	684	295	743	294
1	0.199848	3062	0	431	207	865	185	916	485	457	525	396	154	736	293
2	0.099584	3064	0	431	208	865	185	916	485	457	525	426	158	462	164	37	758	295	785	297
2	0.100648	3067	0	431	208	865	185	915	485	456	525	465	158	454	154	12	786	293	778	291
2	0.066177	3070	0	431	209	865	186	915	485	455	525	463	151	427	161	36	783	288	759	297
1	0.099515	3073	0	431	209	864	186	914	485	455	525	439	152	766	291
2	0.099798	3076	0	430	208	864	185	915	485	454	525	443	153	502	163	61	769	290	812	294
1	0.233292	3083	0	431	207	865	184	916	484	455	524	504	162	815	292
2	0.099334	3086	0	431	207	865	184	916	484	456	524	498	163	558	148	24	810	293	851	281
1	0.1665	3091	0	431	207	865	184	916	483	455	525	546	156	844	286
2	0.066599	3093	0	431	206	865	183	916	483	455	525	450	156	318	190	132	775	290	683	319
1	0.299509	3102	0	432	206	866	183	917	483	457	525	336	170	695	305
2	0.066475	3104	0	433	206	867	184	918	484	457	524	373	173	429	178	55	723	305	764	306
1	0.366142	3115	0	434	207	868	184	915	484	459	524	417	163	754	297
2	0.099736	3118	0	432	202	867	183	917	483	457	523	414	156	346	159	36	752	291	703	295
1	0.299536	3127	0	431	206	865	183	916	482	456	525	353	151	705	291
2	0.099811	3130	0	430	204	864	181	915	481	454	523	356	144	374	157	16	705	284	720	292
1	0.166294	3135	0	430	203	864	180	916	480	456	525	374	153	721	289
2	0.067014	3137	0	430	203	864	180	915	480	456	525	373	154	339	163	36	720	290	696	298
1	0.266512	3145	0	429	202	863	179	913	479	454	524	342	151	696	289
2	0.066188	3147	0	429	202	863	179	915	480	453	525	349	157	361	162	12	701	292	710	295
1	0.265919	3155	0	429	203	863	180	914	480	454	525	367	160	715	294
2	0.066438	3157	0	429	204	862	181	914	481	454	525	371	164	418	181	49	718	297	753	306
1	0.199723	3163	0	428	203	862	180	914	480	452	524	411	167	746	296
2	0.066622	3165	0	428	203	862	180	913	480	453	526	404	155	425	172	26	740	288	757	299
1	0.166937	3170	0	427	203	862	180	912	480	451	525	438	163	765	293
2	0.099291	3173	0	428	203	862	180	913	480	451	526	422	148	480	164	57	752	283	796	291
1	0.332654	3183	0	428	203	862	180	912	481	452	525	478	155	793	285
2	0.099819	3186	0	428	203	862	180	914	480	452	524	467	141	520	149	68	784	276	823	279
1	0.133209	3190	0	429	202	863	179	915	480	454	523	527	152	828	280
2	0.067441	3192	0	429	203	863	180	915	480	453	526	532	153	549	157	17	832	281	845	283
1	0.232334	3199	0	429	202	864	179	914	480	454	524	550	152	845	279
2	0.066162	3201	0	429	202	863	179	915	480	453	525	554	155	563	158	9	848	281	855	282
1	0.099942	3204	0	430	202	864	179	915	479	455	524	556	152	850	278
2	0.066545	3206	0	429	202	864	179	915	480	455	524	517	155	313	170	205	823	282	676	303
1	0.267347	3214	0	430	201	864	178	915	479	455	521	322	177	683	305
2	0.065368	3216	0	430	201	864	178	915	479	454	523	314	163	369	179	61	677	297	719	305
1	0.59905	3234	0	426	197	861	174	913	474	451	519	368	167	714	293
2	0.066525	3236	0	426	196	861	174	913	474	451	519	348	163	362	172	17	699	291	710	296
2	0.099935	3238	0	425	196	861	173	912	474	452	519	354	168	404	174	51	704	293	741	295
2	0.10064	3242	0	425	196	861	173	912	474	450	524	406	166	377	172	21	743	290	722	296
1	0.331891	3252	0	427	198	861	175	913	476	451	520	380	167	723	293
2	0.09981	3255	0	427	198	861	175	912	476	451	521	367	204	389	190	51	716	319	731	308
1	0.232897	3262	0	427	199	861	176	912	477	455	521	397	174	736	299
2	0.067162	3264	0	427	200	862	177	912	477	450	522	407	167	435	171	27	743	294	763	295
1	0.19936	3270	0	427	198	861	175	913	476	454	516	433	167	761	291
2	0.132834	3273	0	426	197	861	174	913	475	450	520	432	164	485	167	13	760	288	799	287
1	0.366041	3285	0	425	197	861	174	912	476	449	520	491	160	801	283
2	0.099907	3288	0	426	197	861	174	913	475	450	520	487	154	491	147	12	798	278	800	274
1	0.099735	3291	0	426	198	861	175	911	476	450	520	497	149	804	276
2	0.066536	3293	0	426	198	861	175	912	476	453	516	492	150	545	152	49	801	277	838	276
1	0.332886	3303	0	424	196	860	173	912	475	452	515	555	144	844	268
2	0.066786	3305	0	424	196	860	173	912	474	452	516	457	160	306	198	154	776	283	670	316
1	0.199582	3311	0	425	196	861	173	913	474	450	517	314	180	675	303
2	0.066458	3313	0	424	195	861	172	911	473	449	518	316	175	374	177	59	676	299	718	298
1	0.232829	3320	0	424	194	860	171	911	472	452	516	369	166	714	290
2	0.067035	3322	0	423	194	859	171	910	473	451	513	375	159	413	154	37	715	285	742	280
1	0.066069	3324	0	423	193	858	170	909	472	451	515	408	165	740	286
2	0.066688	3326	0	422	193	857	170	905	472	450	516	416	160	399	159	17	744	284	731	284
1	0.233029	3333	0	421	191	857	169	908	470	449	514	385	160	722	283
2	0.099443	3336	0	421	191	857	166	908	470	449	513	386	166	355	179	41	722	285	700	296
1	0.099967	3339	0	421	191	856	169	908	470	449	514	352	175	699	294
2	0.066473	3341	0	421	192	856	170	904	472	449	515	361	163	391	171	32	703	288	726	292
1	0.232904	3348	0	422	192	858	169	909	471	450	515	384	168	722	289
2	0.099874	3350	0	421	193	857	170	905	472	449	515	380	165	389	164	10	717	288	724	287
2	0.066665	3353	0	421	192	857	170	905	472	449	514	380	160	418	171	39	717	284	745	289
1	0.232845	3360	0	420	191	857	165	905	470	448	514	430	168	753	284
2	0.100068	3363	0	419	190	856	167	907	469	443	512	426	164	490	164	53	750	281	795	278
1	0.232755	3370	0	418	189	855	166	905	469	446	511	481	164	788	279
2	0.133007	3374	0	418	188	854	161	905	468	446	510	495	166	503	159	20	797	276	802	271
1	0.233866	3381	0	415	189	856	166	905	469	446	511	516	155	813	272
2	0.098822	3384	0	413	187	854	160	905	468	445	509	529	155	570	148	38	820	266	848	260
1	0.332875	3394	0	413	187	853	160	904	467	445	510	562	159	843	268
2	0.09999	3397	0	411	187	853	164	904	467	444	509	560	163	324	190	232	843	272	674	302
1	0.232805	3404	0	419	187	855	159	906	466	447	509	322	184	674	296
2	0.099999	3407	0	418	187	854	164	905	467	446	509	341	183	396	190	55	688	296	729	299
1	0.099846	3410	0	418	187	854	161	906	466	446	509	396	190	728	296
2	0.066527	3412	0	417	185	854	160	906	464	446	507	399	187	371	186	27	730	293	710	293
1	0.133352	3416	0	415	183	853	160	905	464	444	507	378	182	714	290
2	0.066123	3418	0	410	182	852	159	902	463	442	505	382	180	439	183	59	714	288	756	287
1	0.099886	3421	0	408	182	851	159	902	463	441	505	434	180	751	286
2	0.066472	3423	0	408	182	851	159	901	463	441	505	426	172	442	183	20	744	280	757	287
1	0.166475	3428	0	408	182	851	159	901	463	441	505	434	178	751	284
2	0.066504	3430	0	409	182	851	159	901	462	440	505	429	178	499	195	74	747	284	800	292
1	0.099783	3433	0	408	181	852	158	902	462	441	505	488	187	792	287
2	0.067055	3435	0	408	181	851	158	901	462	441	505	500	187	473	195	27	800	286	781	293
1	0.066643	3437	0	408	182	851	159	901	462	441	506	469	183	777	286
2	0.066883	3439	0	408	182	851	159	901	463	441	505	460	178	477	181	16	770	283	782	284
2	0.066002	3441	0	409	182	852	159	902	463	441	506	472	182	537	186	67	780	285	827	284
1	0.365846	3452	0	410	183	852	160	903	464	442	506	537	188	828	287
2	0.06651	3454	0	410	183	852	158	903	464	443	507	446	210	330	226	121	764	305	679	323
1	0.166348	3459	0	411	183	853	160	904	464	443	506	330	212	680	313
2	0.066789	3461	0	410	184	852	161	903	465	443	507	336	206	311	215	26	683	310	665	317
1	0.199309	3467	0	409	182	852	159	903	463	442	505	317	212	669	313
2	0.066621	3469	0	409	182	852	154	903	463	442	505	326	222	312	235	18	675	319	665	329
1	0.432832	3471	0	409	182	852	155	904	464	442	506	329	222	678	319
1	0.232701	3489	0	410	185	852	158	903	465	443	508	418	194	741	297
2	0.099901	3492	0	410	184	852	161	902	465	442	507	426	198	489	202	44	748	300	794	299
1	0.133091	3496	0	410	183	853	160	903	463	442	506	485	201	792	298
2	0.066567	3498	0	411	183	852	160	903	464	441	506	476	196	502	185	25	785	295	802	287
1	0.199612	3504	0	409	182	852	159	902	462	442	505	486	186	791	287
2	0.099788	3507	0	409	180	851	152	902	461	441	504	488	183	550	186	40	790	281	835	279
1	0.133153	3511	0	410	179	852	154	904	460	443	503	540	184	829	279
2	0.066496	3513	0	410	180	852	154	903	460	442	503	537	184	560	193	24	827	279	845	284
1	0.26649	3521	0	410	180	851	152	902	461	441	503	557	192	841	283
2	0.066354	3522	0	409	179	851	152	902	459	441	503	563	195	533	201	29	846	284	825	290
1	0.332939	3532	0	410	178	851	151	902	459	441	502	538	200	829	288
2	0.066741	3534	0	409	179	852	156	903	460	442	503	549	197	339	221	211	837	289	687	316
1	0.200127	3540	0	410	180	853	154	904	461	443	504	325	227	676	321
2	0.065676	3542	0	409	180	852	153	903	461	442	504	334	232	321	229	14	682	324	672	322
1	0.066621	3544	0	409	181	852	153	903	461	442	504	322	221	672	317
2	0.066553	3546	0	409	180	851	153	902	461	441	504	333	227	395	231	63	680	320	727	320
1	0.199567	3552	0	411	180	852	154	904	461	442	504	398	219	730	311
2	0.099854	3555	0	409	180	852	153	903	461	442	504	412	218	383	217	26	739	310	718	310
1	0.332911	3565	0	414	178	853	153	904	459	442	502	381	211	718	305
2	0.066414	3567	0	410	178	852	153	903	459	442	502	385	210	469	229	89	719	304	783	312
1	0.066551	3569	0	409	178	852	155	903	459	441	502	471	219	783	307
2	0.067364	3571	0	409	177	852	154	903	459	441	501	476	214	477	202	11	786	302	786	294
2	0.065689	3573	0	409	177	852	154	904	458	442	501	487	202	458	198	28	793	293	772	292
1	0.133249	3577	0	409	174	852	147	904	457	442	499	450	207	766	295
2	0.099832	3580	0	410	174	852	147	904	456	442	503	451	203	500	202	34	768	292	803	288
1	0.199835	3586	0	408	173	852	148	904	456	442	498	507	205	808	290
2	0.066295	3588	0	407	173	851	150	903	455	441	499	510	201	567	201	57	809	288	850	285
1	0.09988	3591	0	409	174	852	151	903	456	441	499	555	205	843	289
2	0.099826	3594	0	409	173	852	150	904	454	442	498	496	193	324	223	186	799	283	676	312
1	0.199578	3600	0	414	173	854	146	905	455	443	498	327	220	678	309
2	0.066792	3602	0	409	172	853	146	905	453	443	497	325	216	363	218	39	676	306	705	305
1	0.16615	3607	0	410	170	854	147	902	452	443	496	381	220	719	306
2	0.066782	3609	0	409	170	854	147	904	451	443	495	376	208	391	221	21	714	296	727	304
1	0.099618	3612	0	408	169	853	146	903	451	441	494	402	219	733	302
2	0.066702	3614	0	408	169	853	146	903	451	441	494	409	215	357	220	54	738	299	699	305
1	0.399261	3617	0	408	167	851	144	903	450	440	494	356	224	699	306
1	0.266259	3634	0	408	169	853	146	903	451	441	496	357	236	702	317
2	0.066486	3636	0	408	169	853	146	903	451	442	495	365	240	420	245	56	708	319	749	319
1	0.166387	3641	0	409	169	854	146	903	450	442	494	419	245	749	319
2	0.067096	3643	0	409	168	853	140	902	450	442	493	423	240	461	251	41	749	312	778	318
1	0.066522	3645	0	408	168	852	140	904	450	440	494	457	250	776	317
2	0.065956	3647	0	409	168	852	140	904	450	441	494	461	246	421	246	42	778	315	748	317
1	0.066881	3649	0	408	167	852	144	904	447	441	494	421	244	751	316
2	0.066544	3651	0	408	168	851	142	903	451	440	494	419	244	505	253	88	747	317	811	319
1	0.365819	3662	0	406	167	851	144	902	451	438	494	500	244	806	312
2	0.06662	3664	0	406	167	850	141	902	451	438	494	496	241	554	244	59	801	309	844	308
1	0.099713	3667	0	407	167	851	144	902	450	439	494	553	242	844	308
2	0.066593	3669	0	408	167	851	142	903	450	439	494	539	240	321	275	218	834	306	677	343
1	0.266167	3677	0	407	166	851	141	903	449	439	492	332	257	682	328
2	0.099871	3680	0	407	167	851	144	902	449	439	493	329	242	386	257	38	679	320	724	328
1	0.133305	3684	0	406	167	850	144	901	449	438	493	391	255	726	326
2	0.066231	3686	0	406	166	850	143	902	449	438	492	394	254	375	256	20	728	323	714	325
1	0.133262	3690	0	406	165	851	142	902	447	438	492	371	254	712	324
2	0.067285	3692	0	407	165	851	142	902	448	438	491	396	253	439	259	44	730	321	763	323
1	0.199021	3698	0	407	165	851	142	902	448	439	491	432	259	758	325
2	0.09972	3701	0	407	164	851	141	902	447	439	491	439	259	365	269	66	763	323	709	335
1	0.499047	3716	0	405	163	850	140	901	443	437	490	372	259	713	324
2	0.099903	3718	0	405	163	850	140	902	447	438	490	376	256	368	262	9	715	323	710	328
2	0.067082	3721	0	407	164	851	141	901	445	438	490	370	260	390	274	25	712	327	728	336
1	0.099328	3724	0	406	164	850	141	901	446	438	490	390	265	726	330
2	0.0667	3726	0	406	163	850	135	903	447	438	490	393	270	362	270	30	728	331	705	333
1	0.232887	3733	0	408	162	853	134	905	444	441	488	367	270	711	330
2	0.100287	3736	0	408	162	853	134	905	444	441	488	373	267	380	270	14	716	328	721	330
1	0.36613	3747	0	408	160	853	137	905	442	441	486	381	266	723	326
2	0.099191	3749	0	407	159	853	136	905	442	440	487	376	260	387	260	11	719	322	727	322
2	0.066522	3752	0	407	159	853	136	905	442	440	487	385	261	402	260	16	726	323	738	321
1	0.133086	3756	0	407	159	853	136	905	442	440	487	400	259	736	320
2	0.066693	3758	0	408	159	853	136	905	441	440	486	407	260	447	269	42	742	320	773	324
1	0.099689	3761	0	407	160	852	137	904	443	440	487	447	267	771	324
2	0.066653	3763	0	407	160	853	137	904	443	440	487	443	265	429	270	15	768	322	758	327
1	0.166407	3768	0	407	158	852	135	904	441	439	485	429	268	758	323
2	0.099757	3771	0	406	158	852	135	903	442	439	486	428	256	479	259	13	755	315	793	315
1	0.133546	3775	0	406	158	851	135	903	442	438	485	477	263	791	318
2	0.099305	3777	0	406	158	851	135	903	442	438	485	477	263	476	251	11	791	318	789	310
2	0.09986	3781	0	406	158	851	135	903	442	438	486	474	250	527	252	44	788	309	827	308
1	0.233034	3788	0	406	157	851	134	903	441	439	485	525	252	825	306
2	0.099773	3790	0	405	157	851	134	903	441	438	485	525	246	561	252	36	825	303	851	305
2	0.066564	3793	0	405	157	851	134	903	441	438	484	553	249	357	272	194	845	303	703	330
1	0.266118	3801	0	405	157	851	134	903	441	438	485	317	265	672	328
2	0.066689	3803	0	405	157	851	134	902	440	438	488	312	265	364	284	58	670	328	711	338
1	0.133094	3807	0	405	157	851	134	903	441	438	485	367	280	712	335
2	0.066487	3809	0	406	158	851	135	903	441	439	485	367	275	351	267	17	711	332	699	327
1	0.10014	3812	0	406	158	851	135	903	441	438	485	357	273	703	331
2	0.066225	3814	0	406	160	851	137	903	443	438	487	356	267	389	274	35	702	329	728	332
1	0.233019	3821	0	405	159	851	136	903	441	438	486	402	274	738	330
2	0.066649	3823	0	406	160	851	137	903	443	439	491	402	266	447	274	46	738	326	772	329
1	0.232829	3830	0	406	158	851	135	903	442	439	486	447	271	770	325
2	0.099949	3833	0	405	158	851	135	903	443	438	486	449	268	517	265	43	771	324	821	318
1	0.265969	3841	0	405	157	851	134	901	439	437	485	506	270	813	319
2	0.066665	3843	0	405	156	850	129	903	441	438	484	512	276	539	273	27	817	322	837	319
1	0.100146	3846	0	405	154	851	128	902	439	436	483	538	275	836	319
2	0.066371	3848	0	405	154	851	127	903	438	437	482	534	274	347	307	194	834	317	698	353
1	0.532522	3852	0	405	154	851	127	902	439	437	482	305	303	665	352
2	0.066326	3866	0	405	155	850	128	902	440	436	483	348	231	377	242	32	690	299	712	305
1	0.16632	3871	0	405	155	849	129	901	440	436	483	388	245	721	306
2	0.134232	3874	0	404	154	849	131	901	439	435	482	390	235	381	231	10	722	300	715	298
2	0.065504	3877	0	404	154	850	127	902	439	436	482	405	238	444	248	43	733	300	763	305
1	0.233313	3884	0	403	152	849	129	901	438	435	481	448	239	765	298
2	0.066163	3886	0	403	152	849	129	901	438	435	481	445	234	433	238	14	763	295	754	298
1	0.099854	3889	0	403	152	849	129	901	437	434	480	431	233	752	295
2	0.06661	3891	0	403	152	849	129	901	437	435	480	433	231	480	233	47	754	293	788	291
1	0.099693	3894	0	402	152	849	129	901	436	434	480	522	241	820	295
2	0.066753	3896	0	402	152	849	129	900	437	434	480	529	236	504	242	25	824	292	806	297
1	0.066444	3898	0	402	152	848	129	900	435	434	480	502	239	804	294
2	0.067234	3900	0	401	151	848	128	900	437	433	480	501	237	493	242	10	803	293	797	297
1	0.066001	3902	0	401	151	848	128	900	436	433	479	494	235	798	291
2	0.066313	3904	0	402	151	849	128	900	437	434	480	494	242	543	243	49	799	297	835	295
1	0.100245	3907	0	402	151	849	128	901	437	434	480	539	249	833	299
2	0.066242	3909	0	402	152	849	129	900	438	434	480	549	245	386	272	169	839	297	721	325
1	0.266265	3917	0	404	153	850	130	902	438	436	481	312	270	668	328
2	0.066438	3919	0	403	153	850	130	901	438	436	481	335	261	375	269	43	684	321	715	324
1	0.100081	3922	0	405	154	850	131	902	436	436	481	373	265	714	320
2	0.06686	3924	0	405	154	850	127	902	439	436	482	373	265	347	253	30	712	321	691	314
1	0.165886	3929	0	405	154	850	128	902	439	436	483	345	260	690	319
2	0.066948	3931	0	405	154	851	127	902	439	436	482	351	257	458	276	113	695	317	777	324
1	0.232569	3938	0	405	154	851	131	903	437	437	482	457	267	777	318
2	0.06675	3940	0	403	153	850	130	902	438	436	481	460	263	490	274	31	778	315	801	321
1	0.199385	3946	0	404	153	850	130	902	438	436	482	521	269	823	315
2	0.066604	3948	0	405	154	850	128	902	437	436	481	526	265	512	266	14	826	311	816	313
1	0.067323	3950	0	403	153	850	127	901	438	436	482	523	261	823	309
2	0.065699	3952	0	404	154	850	127	901	439	435	482	539	258	549	265	13	834	307	842	311
1	0.066592	3954	0	403	153	850	130	901	438	435	481	552	261	844	308
2	0.100045	3957	0	404	152	850	129	902	438	436	481	444	270	318	281	134	766	320	673	336
1	0.19941	3963	0	404	153	851	130	903	437	437	481	315	270	671	328
2	0.099853	3966	0	405	153	852	130	904	437	438	482	314	271	301	274	13	671	329	662	331
1	0.167465	3971	0	405	153	852	127	901	437	438	481	305	272	663	330
2	0.132385	3975	0	405	152	851	129	903	435	437	481	307	272	323	266	20	666	329	677	323
1	0.099528	3978	0	405	152	852	129	900	436	438	480	324	264	677	323
2	0.099829	3980	0	406	152	852	129	903	437	439	480	318	271	303	270	15	674	327	663	327
2	0.066639	3983	0	405	152	852	129	902	436	438	480	305	276	301	267	9	664	331	660	325
1	0.066523	3985	0	406	151	852	128	905	435	439	480	306	271	666	327
2	0.066709	3987	0	406	151	853	128	903	436	439	480	305	275	333	274	29	665	330	686	327
1	0.133699	3991	0	406	151	852	128	905	435	439	480	330	275	685	328
2	0.06569	3993	0	406	152	852	129	905	435	439	480	333	272	369	279	40	687	327	715	329
1	0.066627	3995	0	406	151	852	128	900	436	438	480	368	279	712	330
2	0.066551	3997	0	405	152	852	129	902	436	438	480	372	281	363	274	12	715	331	708	326
1	0.299457	4006	0	405	153	852	130	904	436	438	481	354	275	702	329
2	0.066477	4008	0	405	153	852	130	904	437	438	482	355	274	341	274	14	703	328	692	329
1	0.199785	4014	0	406	153	853	130	902	437	439	481	346	265	695	323
2	0.066597	4016	0	406	153	853	130	903	437	439	482	358	268	395	275	39	705	324	733	326
1	0.233142	4023	0	407	154	853	131	902	437	440	481	393	270	731	324
2	0.0664	4025	0	407	154	853	131	902	438	440	481	392	259	394	272	13	729	317	732	326
2	0.066439	4027	0	406	153	853	130	902	437	439	482	390	266	434	277	47	728	322	762	327
1	0.23369	4034	0	407	153	854	130	903	437	440	480	430	272	759	323
2	0.099072	4037	0	406	153	853	130	902	437	439	481	431	272	476	269	47	759	323	792	319
1	0.300411	4046	0	407	151	854	128	902	435	440	479	467	275	787	321
2	0.066567	4048	0	407	151	854	128	903	436	440	479	469	274	539	270	73	788	321	839	315
1	0.53171	4064	0	406	151	853	128	901	436	439	480	544	267	841	312
2	0.066432	4066	0	406	151	853	128	901	436	439	479	542	264	518	268	24	839	310	822	314
1	0.199951	4072	0	406	149	852	121	904	433	438	478	518	272	823	312
2	0.066763	4074	0	406	148	852	125	905	433	438	478	510	267	551	269	42	817	310	848	309
1	0.066025	4076	0	406	148	852	125	905	433	438	478	547	274	845	313
2	0.100194	4079	0	405	148	852	125	905	432	438	477	548	273	308	289	215	846	312	669	337
1	0.165815	4084	0	406	148	852	125	905	432	439	477	306	289	668	337
2	0.066969	4086	0	406	148	852	125	901	433	439	477	305	277	307	289	12	665	330	668	338
2	0.066317	4088	0	406	147	852	124	901	432	438	477	313	288	331	286	18	672	337	685	334
1	1.73052	4114	0	406	147	853	124	902	432	439	476	317	290	676	337
1	0.133284	4143	0	402	155	848	132	899	439	433	483	403	328	739	366
2	0.066148	4145	0	403	155	848	128	899	440	433	483	412	319	412	303	15	744	358	742	347
1	0.100503	4148	0	400	157	846	134	897	437	432	485	410	303	742	347
2	0.066497	4150	0	400	158	846	135	897	443	432	486	410	298	525	305	119	740	347	825	346
1	0.265578	4158	0	402	160	847	133	899	445	435	488	523	289	824	335
