2	0.067385	2	0	368	383	1073	383	1053	858	380	865	106	101	110	107	11	496	495	501	501
1	0.132356	5	0	368	383	1073	383	1053	858	380	865	113	108	504	503
2	0.099676	8	0	368	383	1073	383	1053	858	380	865	111	110	164	119	85	502	505	563	514
1	0.200072	14	0	368	383	1073	383	1053	858	380	865	160	110	558	505
2	0.06623	16	0	368	383	1073	383	1053	858	380	865	177	112	224	112	75	579	507	634	507
1	0.132963	20	0	367	384	1072	384	1052	859	379	865	221	109	629	505
2	0.099891	22	0	367	385	1072	378	1051	860	384	867	222	108	214	110	11	628	504	620	506
2	0.066681	25	0	363	385	1068	380	1047	860	380	865	215	108	250	108	56	616	504	657	504
1	0.099758	28	0	359	383	1065	376	1043	859	376	863	267	109	672	502
2	0.099837	31	0	359	382	1065	372	1043	859	376	863	266	107	252	112	23	669	498	654	503
1	0.46636	36	0	350	382	1062	373	1039	859	372	862	258	108	655	500
1	0.099648	48	0	361	383	1067	372	1046	858	378	864	67	124	443	520
2	0.066608	50	0	361	382	1067	372	1046	858	378	863	71	123	98	128	45	447	518	479	523
1	0.26579	58	0	363	378	1070	378	1051	854	380	860	100	124	486	517
2	0.100102	60	0	363	377	1071	368	1045	853	380	859	115	127	161	127	71	501	518	553	518
1	0.266011	69	0	357	376	1068	365	1047	855	374	859	157	122	544	510
2	0.066447	71	0	355	376	1068	365	1047	854	372	857	157	123	136	126	32	541	511	517	514
1	0.166823	76	0	346	367	1065	359	1044	850	369	852	139	127	515	510
2	0.066451	78	0	347	370	1066	361	1045	852	369	855	136	126	194	129	93	513	511	580	513
1	0.099855	81	0	346	369	1067	362	1047	852	369	855	193	125	579	509
2	0.099493	84	0	344	367	1066	360	1045	852	365	854	186	127	166	130	33	568	509	545	513
1	0.133591	88	0	340	372	1061	364	1041	854	361	859	168	125	544	512
2	0.066366	90	0	345	374	1064	374	1045	854	366	861	166	121	217	126	86	548	510	610	515
1	0.166069	95	0	356	381	1077	381	1047	860	373	867	213	119	614	515
2	0.099843	98	0	355	373	1079	373	1048	853	372	860	212	121	259	117	80	614	510	669	506
1	0.133184	102	0	342	369	1067	360	1041	854	364	858	272	122	669	505
2	0.366278	104	0	341	369	1065	361	1045	854	367	858	270	120	281	125	18	668	503	680	508
1	0.199439	119	0	342	375	1066	369	1044	862	362	864	71	147	432	541
2	0.099811	122	0	340	376	1064	371	1042	863	365	865	67	148	135	140	117	427	544	507	535
1	0.100375	125	0	340	373	1066	367	1045	850	366	862	133	144	508	536
2	0.066042	127	0	340	373	1067	366	1045	861	366	863	137	141	122	146	26	510	534	492	540
1	0.133082	131	0	339	372	1064	368	1043	859	365	861	119	146	488	538
2	0.099912	134	0	337	379	1062	367	1039	849	362	861	118	140	161	145	47	485	534	536	539
1	0.266034	142	0	329	374	1062	362	1040	845	358	865	162	140	534	531
2	0.066599	144	0	329	373	1062	361	1040	844	358	864	161	133	190	140	51	533	522	569	529
1	0.266272	152	0	331	372	1069	359	1049	845	362	866	197	133	581	521
2	0.066827	154	0	331	371	1076	358	1045	843	361	864	196	132	244	134	79	581	519	639	521
1	0.398941	166	0	313	364	1073	350	1042	841	352	859	253	138	639	520
2	0.766095	168	0	313	364	1072	350	1041	840	351	859	250	135	280	135	51	635	517	672	516
1	0.165694	193	0	323	389	1071	376	1039	862	356	874	137	143	501	550
2	0.067133	196	0	327	379	1080	373	1050	862	361	874	154	152	176	150	36	529	554	556	552
1	0.23249	203	0	330	371	1082	365	1052	864	360	867	180	150	559	545
2	0.099668	205	0	333	376	1082	369	1052	865	365	869	189	148	244	151	90	573	546	639	549
1	0.533269	213	0	335	367	1084	358	1055	860	361	863	241	149	636	538
1	0.099032	225	0	335	370	1090	370	1049	860	361	867	81	161	444	559
2	0.066663	227	0	331	371	1090	371	1051	857	363	857	94	166	124	166	48	459	563	494	563
1	0.13306	231	0	332	372	1091	372	1054	857	363	865	124	158	498	556
2	0.066561	233	0	331	369	1092	369	1054	863	363	863	125	160	171	160	79	496	556	553	556
1	0.26611	241	0	337	359	1094	359	1057	859	363	857	167	163	550	550
2	0.066833	243	0	334	357	1093	357	1055	848	359	848	166	161	207	156	70	547	543	598	538
1	0.199494	249	0	321	353	1087	347	1046	848	349	848	227	159	609	538
2	0.066522	251	0	322	357	1081	349	1046	851	352	857	230	158	261	160	55	614	541	653	543
1	0.233523	258	0	331	354	1096	345	1057	845	365	845	256	163	655	541
2	0.066314	260	0	336	357	1095	351	1055	847	370	847	259	156	279	164	36	662	538	686	546
1	0.099582	263	0	334	364	1084	359	1050	851	368	859	280	160	686	548
2	0.066955	265	0	326	377	1082	364	1053	857	364	862	284	153	225	163	102	684	547	612	560
1	0.165994	270	0	326	378	1096	365	1056	853	368	865	224	155	618	555
2	0.365943	272	0	328	377	1098	364	1058	860	364	860	232	155	257	158	44	623	552	655	556
1	0.233484	288	0	336	371	1103	362	1066	857	376	857	125	181	505	579
2	0.066442	290	0	347	373	1106	366	1068	859	381	859	144	178	224	181	135	535	577	631	580
1	0.099462	293	0	346	377	1106	374	1067	873	380	874	224	172	632	579
2	0.066526	295	0	348	380	1113	373	1073	876	382	869	226	171	202	174	40	634	578	605	581
1	0.233468	302	0	342	373	1121	365	1071	865	377	872	201	172	605	576
2	0.099252	305	0	337	371	1110	365	1073	861	376	861	216	177	248	174	56	618	575	658	572
1	0.166392	310	0	347	370	1103	364	1069	859	381	859	247	177	659	572
2	0.067977	312	0	347	371	1103	366	1069	861	382	870	239	175	132	184	180	653	574	523	586
1	0.231448	319	0	345	365	1119	358	1082	859	379	859	139	186	530	580
2	0.066606	321	0	345	363	1124	356	1073	865	379	857	153	177	167	179	24	544	572	562	574
1	0.132978	325	0	337	363	1113	359	1073	856	377	856	167	176	559	568
2	0.066843	327	0	344	370	1114	357	1073	854	378	854	167	176	139	172	47	560	569	526	565
1	0.299337	336	0	338	351	1108	344	1069	845	372	845	124	183	504	564
2	0.099884	339	0	335	347	1105	340	1066	843	370	843	125	180	213	183	150	502	557	610	560
1	0.232859	346	0	334	341	1108	335	1068	841	369	846	209	181	607	555
2	0.099851	348	0	333	338	1109	330	1069	840	368	844	218	177	269	176	87	618	547	681	545
1	0.865088	353	0	328	343	1104	337	1062	838	364	850	265	169	674	542
1	0.100988	378	0	331	361	1094	348	1063	845	362	857	82	195	446	585
2	0.065443	380	0	330	349	1096	344	1066	844	361	856	90	196	137	205	83	456	580	515	589
1	0.133079	384	0	328	345	1096	339	1064	847	359	852	138	207	512	588
2	0.067304	386	0	325	344	1093	339	1062	840	357	852	138	200	121	208	30	512	579	492	588
1	0.132886	390	0	323	349	1079	336	1053	843	357	845	116	204	478	583
2	0.066082	392	0	323	347	1078	334	1052	842	357	843	112	201	85	204	46	473	579	440	582
1	0.133266	396	0	327	340	1090	336	1057	843	356	846	80	207	438	584
2	0.099653	399	0	328	338	1091	333	1059	840	360	844	77	207	111	202	46	438	582	479	576
1	0.133431	403	0	329	341	1092	335	1060	842	361	847	108	198	476	575
2	0.066295	405	0	331	342	1094	338	1062	843	363	848	106	195	84	203	36	475	572	450	582
1	0.099804	408	0	333	341	1096	336	1063	843	364	848	84	198	451	576
2	0.066508	410	0	332	337	1095	333	1063	839	364	844	85	197	118	195	57	451	570	492	567
1	0.266305	418	0	336	342	1094	336	1061	843	362	848	130	192	506	567
2	0.066758	420	0	330	340	1085	334	1059	841	362	846	135	195	161	197	44	508	569	540	571
1	0.266156	428	0	336	335	1092	330	1059	837	363	841	157	198	539	567
2	0.066368	430	0	329	337	1084	330	1057	838	361	842	181	197	201	197	32	563	568	586	567
1	0.166308	435	0	327	335	1083	331	1064	838	359	841	200	197	586	564
2	0.066579	437	0	327	334	1083	329	1063	837	358	840	200	196	239	199	66	585	561	633	565
1	0.299562	446	0	325	331	1083	327	1057	827	356	839	243	198	639	562
2	0.099669	449	0	324	330	1082	327	1062	837	355	839	258	197	223	199	30	654	561	611	564
1	0.066849	451	0	324	329	1083	325	1063	836	355	838	226	196	614	559
2	0.099587	454	0	325	338	1084	325	1058	826	355	838	226	194	203	199	38	615	559	587	565
1	0.332739	464	0	326	317	1098	312	1065	827	355	829	188	203	572	558
2	0.100006	467	0	323	313	1097	309	1065	825	354	827	192	200	227	194	44	575	551	619	545
1	0.199977	473	0	321	307	1094	304	1062	821	357	833	224	194	618	544
2	0.066754	475	0	323	315	1096	302	1064	808	359	831	237	195	259	190	38	637	544	664	538
1	0.298758	484	0	324	300	1100	296	1068	804	360	816	257	198	663	536
2	0.067502	486	0	325	309	1100	296	1068	805	360	817	258	195	244	195	22	661	536	644	537
1	0.132628	490	0	324	301	1103	297	1071	806	361	819	241	195	645	535
2	0.099404	493	0	322	303	1100	300	1068	809	358	821	243	194	231	198	13	645	536	629	541
1	0.166478	498	0	323	305	1100	301	1068	821	359	823	237	193	633	538
2	0.067674	500	0	323	305	1100	301	1068	820	359	823	237	195	258	195	35	634	540	660	540
1	0.198584	506	0	321	309	1098	306	1064	825	357	826	259	193	658	542
2	0.06646	508	0	322	311	1099	308	1066	826	358	828	260	195	281	193	36	661	546	688	544
1	0.099833	511	0	323	312	1099	308	1067	826	359	828	279	195	686	546
2	0.06657	513	0	323	311	1099	307	1067	825	359	827	279	195	262	195	29	685	545	664	545
1	0.432624	516	0	323	311	1100	307	1067	825	359	827	261	192	664	542
1	0.299981	535	0	335	311	1106	304	1076	821	362	826	93	219	463	572
2	0.066045	537	0	330	310	1106	303	1077	820	363	825	96	216	89	218	13	466	567	457	570
1	0.399305	549	0	332	305	1109	296	1080	815	366	822	89	217	460	565
2	0.100634	552	0	338	305	1109	296	1080	814	365	821	92	217	136	221	80	465	563	520	567
1	0.46516	566	0	326	291	1106	287	1076	807	363	810	133	221	510	557
2	0.067013	568	0	326	291	1108	286	1077	806	363	810	135	215	149	214	25	512	551	530	550
1	0.199127	574	0	324	286	1107	283	1077	804	361	807	148	216	528	548
2	0.066915	576	0	324	287	1107	282	1077	804	361	808	157	216	193	217	62	539	548	584	550
1	0.565304	581	0	326	289	1109	285	1079	808	362	811	192	213	584	548
2	0.066507	594	0	325	295	1109	291	1080	809	361	816	254	206	235	209	32	662	543	639	546
1	0.266386	602	0	322	294	1106	291	1075	813	358	815	238	209	637	547
2	0.066617	604	0	321	294	1105	291	1075	813	357	815	238	208	225	210	22	636	545	620	548
1	0.133083	608	0	321	292	1105	289	1075	812	357	814	226	207	622	543
2	0.066398	610	0	321	302	1105	289	1075	812	356	814	229	204	290	211	106	622	542	698	550
1	0.366652	612	0	319	293	1104	290	1073	812	355	815	282	210	690	548
1	0.332248	631	0	323	292	1107	289	1078	801	359	814	76	231	439	571
2	0.066436	633	0	322	291	1106	288	1077	808	358	812	80	229	97	228	31	441	567	463	565
1	0.233065	640	0	322	282	1108	278	1072	800	359	805	101	229	468	560
2	0.066405	642	0	322	283	1115	280	1079	803	359	806	111	229	148	228	65	481	561	528	560
1	0.332779	652	0	321	277	1114	274	1079	788	357	801	145	229	525	554
2	0.066767	654	0	321	276	1107	273	1078	786	357	799	141	227	171	229	52	519	550	558	552
1	0.166324	659	0	317	269	1114	266	1078	781	354	794	170	231	555	549
2	0.133155	663	0	309	271	1105	269	1074	795	353	796	176	227	216	227	33	554	549	604	549
1	0.099799	666	0	315	271	1105	268	1074	795	352	796	214	227	604	548
2	0.066876	668	0	308	270	1106	267	1070	784	351	796	215	226	208	229	14	606	546	596	549
1	0.099497	671	0	305	270	1111	268	1068	785	347	797	208	227	595	548
2	0.100262	674	0	304	270	1110	267	1068	785	346	797	206	230	256	230	82	591	552	654	551
1	0.365978	685	0	300	268	1108	266	1066	785	341	797	253	228	648	548
2	0.066156	687	0	299	279	1100	266	1064	785	344	797	253	226	277	228	41	643	548	673	550
1	0.36597	689	0	299	280	1099	267	1069	786	344	798	275	228	671	550
2	0.066528	700	0	305	284	1110	271	1068	788	344	800	76	242	68	248	16	423	574	414	581
1	0.199643	706	0	305	273	1111	270	1068	787	347	799	68	246	417	575
2	0.067316	708	0	304	273	1111	270	1069	787	347	799	80	243	110	250	54	431	572	470	579
1	0.099117	711	0	305	271	1111	268	1070	786	347	798	108	250	468	577
2	0.066596	713	0	305	271	1112	268	1070	786	347	798	113	248	158	249	79	474	575	532	576
1	0.100045	716	0	305	273	1112	268	1071	787	347	799	156	245	529	572
2	0.133277	719	0	306	273	1112	269	1071	785	347	798	157	243	148	244	14	530	569	519	571
2	0.06612	722	0	305	269	1110	265	1069	783	346	795	146	246	151	242	10	516	569	521	564
1	0.100066	725	0	305	267	1111	263	1069	781	347	793	148	242	519	563
2	0.100235	728	0	305	265	1111	262	1069	780	347	792	146	243	192	239	50	516	563	575	558
1	0.199184	734	0	303	260	1112	257	1070	777	343	789	190	240	570	554
2	0.066398	736	0	303	258	1112	255	1069	786	343	787	191	240	234	241	74	568	554	622	555
1	0.233061	743	0	303	262	1111	249	1070	770	348	782	227	241	617	550
2	0.066459	745	0	300	249	1113	247	1071	768	347	781	236	242	263	245	49	630	548	665	550
1	0.399204	748	0	300	248	1113	246	1072	767	347	780	262	243	665	547
1	0.199875	762	0	301	249	1115	246	1074	769	348	782	67	265	417	577
2	0.066456	765	0	301	251	1112	249	1072	771	347	784	73	264	116	266	75	423	579	478	580
1	0.698778	767	0	301	253	1112	250	1071	773	347	785	114	262	476	577
1	0.067236	788	0	301	261	1115	257	1073	790	342	791	75	262	421	584
2	0.099067	791	0	301	261	1114	257	1068	779	341	791	72	264	132	262	110	418	585	496	583
1	0.19984	797	0	302	260	1114	257	1068	778	342	790	131	263	495	582
2	0.066421	799	0	302	260	1114	256	1068	778	341	790	147	266	166	264	34	514	585	539	583
1	0.19975	805	0	301	259	1113	256	1072	789	340	790	168	260	538	578
2	0.066491	807	0	301	260	1113	257	1071	789	348	790	167	252	147	260	37	540	572	514	581
1	0.099887	810	0	300	261	1112	257	1066	778	340	790	139	260	503	579
2	0.067238	812	0	301	261	1112	257	1071	777	348	790	136	255	125	258	20	503	575	489	578
1	0.099285	815	0	301	257	1113	253	1068	774	347	786	118	260	480	576
2	0.066436	817	0	301	255	1113	251	1071	784	340	785	120	259	145	263	44	477	573	509	578
1	0.133125	821	0	301	253	1112	250	1067	772	341	784	165	258	537	571
2	0.133039	825	0	300	251	1112	247	1066	769	346	781	161	260	208	254	39	534	570	593	563
1	0.134465	829	0	300	250	1112	246	1066	768	341	780	209	257	592	564
2	0.065225	831	0	300	249	1112	245	1066	768	341	780	212	256	242	255	54	596	563	634	561
1	0.133047	835	0	300	245	1113	241	1071	776	340	788	242	250	635	558
2	0.432979	837	0	299	244	1113	240	1067	764	339	776	242	255	271	257	50	634	558	671	560
1	0.332485	858	0	302	252	1117	249	1078	772	341	785	71	276	419	591
2	0.066532	860	0	302	252	1117	248	1077	771	348	784	68	276	89	275	37	419	592	447	591
1	0.133071	864	0	302	255	1116	251	1070	775	341	787	91	274	444	592
2	0.066759	866	0	301	257	1116	253	1074	787	347	788	88	272	66	271	37	441	593	413	592
1	0.166261	871	0	301	253	1116	249	1075	784	347	785	66	275	413	593
2	0.099913	874	0	300	253	1114	249	1074	784	339	785	70	273	92	274	43	414	589	441	591
1	0.166245	879	0	298	254	1113	250	1073	785	344	786	91	273	442	591
2	0.067053	881	0	298	254	1113	250	1073	785	344	786	89	270	87	302	49	440	588	439	625
1	0.09931	884	0	298	253	1113	250	1073	785	344	786	91	297	444	619
2	0.100532	887	0	298	254	1113	251	1073	785	344	786	92	294	128	285	56	445	616	489	606
1	0.132456	891	0	296	253	1110	250	1070	773	342	785	126	289	488	607
2	0.066634	893	0	297	253	1110	250	1071	773	343	785	121	291	98	292	37	482	609	454	610
1	0.100622	896	0	302	251	1116	248	1075	770	341	783	100	291	457	606
2	0.09889	899	0	303	248	1125	243	1079	767	343	780	102	290	134	280	58	461	603	502	591
1	0.33269	909	0	299	241	1114	237	1069	762	345	774	132	284	498	592
2	0.0666	911	0	298	238	1116	234	1076	758	338	771	135	285	159	288	44	499	587	531	590
1	0.132999	915	0	297	235	1115	232	1069	758	344	770	170	283	545	585
2	0.066795	917	0	297	235	1122	230	1069	757	344	769	170	278	208	283	65	546	579	594	584
1	0.300038	926	0	295	231	1114	227	1068	754	342	766	209	284	593	582
2	0.066026	928	0	295	231	1113	228	1067	756	342	768	207	286	222	291	26	591	585	609	590
1	0.199573	934	0	292	237	1111	234	1069	761	339	773	238	287	629	590
2	0.099914	937	0	291	237	1110	234	1064	761	338	773	240	283	260	287	35	628	587	653	591
1	0.199874	943	0	283	240	1108	238	1068	764	336	776	261	285	655	591
2	0.066155	945	0	282	241	1107	237	1067	763	335	775	254	288	242	288	20	644	593	629	594
1	0.233217	952	0	281	243	1106	241	1065	767	334	788	241	279	629	591
2	0.066386	954	0	280	242	1106	240	1065	766	333	787	241	277	253	281	21	629	588	644	592
1	0.299454	963	0	279	243	1103	241	1061	766	332	786	263	280	655	590
2	0.399546	965	0	279	255	1102	228	1060	766	330	787	269	276	275	279	11	653	587	661	591
1	0.099709	978	0	281	241	1105	238	1065	763	333	775	70	308	408	618
2	0.066439	980	0	278	239	1104	224	1062	763	330	775	95	310	119	305	41	436	620	465	614
1	0.066951	982	0	279	237	1105	235	1063	762	330	774	114	302	461	611
2	0.066123	984	0	279	232	1106	230	1066	758	331	770	113	303	93	304	36	462	607	436	609
1	0.200105	990	0	279	223	1109	221	1068	751	331	763	84	307	425	605
2	0.09943	993	0	279	221	1115	219	1069	749	331	761	84	307	123	305	83	425	602	475	599
1	0.366159	1004	0	274	215	1107	200	1066	744	326	766	129	303	478	596
2	0.066834	1006	0	276	226	1105	212	1065	744	326	766	131	298	162	298	54	481	593	520	593
1	0.166082	1011	0	274	217	1105	203	1062	747	325	760	165	300	520	591
2	0.09998	1014	0	273	230	1103	216	1062	748	324	769	163	293	190	300	28	519	591	553	598
1	0.132823	1018	0	272	232	1102	207	1059	749	329	771	190	297	553	597
2	0.066635	1020	0	274	234	1103	208	1061	751	323	764	193	302	162	303	56	552	598	512	601
1	0.167369	1025	0	272	237	1100	212	1058	755	328	775	150	297	500	602
2	0.098723	1028	0	273	227	1102	215	1059	756	323	776	149	300	131	299	35	500	603	476	603
1	0.199718	1034	0	272	241	1099	216	1056	757	328	776	129	296	474	605
2	0.066806	1036	0	271	242	1099	217	1055	752	320	777	135	300	155	303	36	478	607	504	610
1	0.299177	1045	0	272	243	1099	217	1057	758	322	778	157	296	505	605
2	0.432705	1047	0	273	243	1099	218	1056	758	329	778	164	296	191	299	46	518	605	552	607
2	0.099912	1061	0	273	244	1099	218	1056	758	323	778	201	287	243	297	21	561	593	615	602
1	0.133255	1065	0	272	243	1098	217	1055	758	322	777	244	295	615	600
2	0.066358	1067	0	271	227	1099	214	1056	754	328	775	237	294	226	296	20	614	594	599	596
1	0.199558	1073	0	273	234	1101	208	1058	751	324	770	230	296	599	593
2	0.066979	1075	0	273	233	1102	207	1059	743	324	769	228	292	267	297	67	600	586	649	590
1	0.132964	1079	0	270	215	1101	201	1059	738	321	764	264	298	647	585
2	0.066402	1081	0	270	213	1101	200	1059	743	321	764	264	293	244	298	37	646	580	620	586
1	0.632982	1100	0	273	211	1105	209	1065	743	324	763	225	296	602	583
2	0.065926	1102	0	273	211	1114	196	1066	744	325	763	227	296	258	301	58	603	584	644	588
1	0.166219	1107	0	272	213	1106	210	1065	745	323	765	256	297	642	586
2	0.066493	1109	0	273	213	1107	198	1066	745	324	765	257	299	279	294	39	641	587	669	580
1	0.168699	1114	0	273	215	1104	213	1064	746	325	766	275	295	668	585
2	0.064359	1116	0	275	217	1106	202	1064	747	326	767	280	297	231	303	91	670	587	608	595
1	0.199871	1122	0	276	219	1113	217	1066	748	328	760	227	298	607	590
2	0.399244	1124	0	275	221	1104	219	1064	750	327	770	227	295	275	300	84	608	590	668	595
2	0.066447	1136	0	280	220	1116	217	1063	746	333	759	73	318	66	322	15	414	615	404	619
1	0.099761	1139	0	285	221	1106	217	1066	747	332	759	67	322	405	617
2	0.066668	1141	0	279	221	1106	217	1066	746	332	758	74	325	108	322	58	414	621	456	618
1	0.232863	1148	0	276	216	1106	213	1067	742	329	754	109	321	456	612
2	0.066455	1150	0	276	214	1112	211	1066	741	329	753	127	317	166	319	70	478	606	529	607
1	0.133483	1154	0	277	209	1107	207	1067	738	329	750	164	317	527	601
2	0.066544	1156	0	278	207	1108	203	1062	735	330	747	164	315	151	319	24	526	597	509	602
1	0.099348	1159	0	277	201	1115	197	1070	730	329	742	149	319	508	596
2	0.066715	1161	0	275	196	1116	193	1063	727	327	739	151	318	194	319	76	508	592	564	593
1	0.16697	1166	0	277	191	1117	188	1064	722	328	734	190	318	560	586
2	0.066173	1168	0	276	190	1117	187	1064	722	329	744	189	311	235	313	83	562	584	621	585
1	0.099725	1171	0	276	191	1110	187	1063	723	328	735	237	316	618	584
2	0.066951	1173	0	276	190	1118	187	1065	723	327	736	235	314	222	316	24	618	583	600	585
1	0.266788	1181	0	274	195	1118	179	1063	729	325	742	226	314	600	586
2	0.065474	1182	0	274	197	1115	194	1070	730	325	743	231	316	253	315	41	611	590	640	589
1	0.13311	1186	0	276	197	1118	194	1066	731	327	743	253	312	640	587
2	0.099869	1189	0	278	199	1121	195	1069	732	330	752	253	306	269	308	36	645	586	666	588
1	0.166279	1194	0	275	199	1117	197	1064	733	326	754	272	309	667	589
2	0.099801	1197	0	275	202	1116	200	1064	735	326	756	271	308	248	307	44	665	590	635	589
1	0.199724	1203	0	275	203	1117	201	1065	737	328	757	247	307	635	592
2	0.066639	1205	0	275	204	1117	201	1065	737	327	749	248	310	240	312	14	633	592	623	594
1	0.13306	1209	0	276	205	1117	201	1066	737	328	749	240	311	623	592
2	0.099768	1212	0	274	203	1115	201	1064	736	326	757	239	308	222	312	15	623	592	602	597
1	0.133229	1216	0	272	201	1115	198	1062	735	329	747	222	313	600	595
2	0.066605	1218	0	272	212	1115	185	1061	735	321	754	246	312	266	313	35	621	595	647	595
1	0.46575	1223	0	268	197	1113	182	1067	730	327	751	259	313	646	590
1	0.133034	1236	0	270	187	1118	172	1064	724	329	743	65	332	399	610
2	0.100509	1239	0	272	183	1121	166	1068	715	323	741	90	334	130	332	70	429	608	480	603
1	0.165717	1244	0	274	181	1121	176	1068	717	331	729	128	334	483	601
2	0.066657	1246	0	276	179	1122	174	1071	715	327	728	129	335	119	336	17	482	599	469	600
1	0.132979	1250	0	275	175	1122	170	1066	713	327	725	120	332	470	595
2	0.10007	1253	0	274	170	1122	165	1071	708	326	731	118	330	150	329	62	469	592	511	590
1	0.299636	1262	0	273	174	1120	170	1069	713	324	726	151	330	508	591
2	0.066571	1264	0	272	176	1120	171	1069	714	323	727	147	332	179	335	55	503	593	543	596
1	0.165966	1269	0	272	179	1120	176	1068	718	324	739	203	329	578	596
2	0.066958	1271	0	271	179	1121	161	1069	713	329	739	214	331	230	328	27	592	597	612	594
1	0.199297	1277	0	269	181	1120	165	1067	721	328	741	230	325	610	595
2	0.066723	1279	0	269	181	1119	178	1068	715	328	741	226	325	260	328	58	611	594	654	596
1	0.399206	1282	0	258	183	1118	167	1065	723	325	742	265	325	651	595
2	0.067131	1293	0	268	187	1119	170	1066	725	326	738	82	347	64	354	32	418	625	396	633
1	0.132804	1297	0	269	191	1118	187	1067	726	327	748	64	346	399	632
2	0.132867	1301	0	269	191	1117	188	1066	727	327	749	67	342	124	341	78	403	627	477	624
1	0.099744	1304	0	268	193	1116	189	1063	729	319	749	128	341	476	623
2	0.067095	1306	0	269	192	1117	189	1064	729	321	749	125	338	164	342	70	474	621	525	624
1	0.099245	1309	0	269	193	1115	189	1064	727	327	748	160	339	522	621
2	0.067171	1311	0	260	191	1116	189	1064	726	327	748	161	337	148	339	24	523	619	506	622
1	0.066104	1313	0	269	192	1115	189	1064	726	320	748	146	343	500	625
2	0.100278	1316	0	267	191	1114	188	1062	727	325	746	145	341	201	335	98	501	623	572	615
1	0.132502	1320	0	258	183	1114	181	1064	715	325	741	197	341	570	613
2	0.100266	1323	0	266	181	1116	165	1064	714	324	740	201	340	237	341	31	571	610	617	610
1	0.199315	1329	0	266	175	1119	159	1066	714	325	736	235	340	615	605
2	0.066704	1331	0	264	173	1116	171	1065	714	323	734	235	340	259	340	42	617	604	648	604
1	0.465848	1336	0	258	170	1118	167	1067	712	324	731	259	339	647	601
1	0.166198	1349	0	268	171	1122	165	1065	713	326	726	74	360	411	627
2	0.067365	1352	0	265	173	1118	170	1067	716	323	729	99	362	138	363	67	441	631	491	631
1	0.132674	1356	0	265	176	1118	172	1068	715	324	737	136	354	491	626
2	0.066227	1358	0	266	175	1121	157	1069	715	325	737	159	352	190	355	56	518	623	559	625
1	0.100577	1361	0	264	178	1117	174	1066	719	316	739	192	353	558	625
2	0.065769	1363	0	264	179	1117	162	1064	719	323	739	185	355	177	358	13	549	628	539	631
1	0.100142	1366	0	266	180	1116	176	1064	719	324	739	174	355	539	629
2	0.099815	1369	0	266	181	1117	178	1065	721	317	741	178	353	232	353	92	540	628	610	628
1	0.100775	1372	0	259	184	1117	180	1066	723	325	743	229	351	609	628
2	0.098574	1375	0	267	185	1117	182	1067	724	326	744	225	350	216	353	10	607	627	594	631
1	0.100034	1378	0	266	187	1115	184	1065	725	325	744	216	352	593	630
2	0.399598	1380	0	268	188	1115	184	1064	724	326	737	233	354	268	352	62	613	630	657	627
1	0.29901	1399	0	270	196	1114	192	1063	730	321	743	107	369	450	653
2	0.067587	1401	0	272	194	1115	190	1065	727	323	748	200	263	331	143	317	570	531	743	380
1	0.298466	1410	0	267	199	1109	196	1056	731	318	753	354	93	770	322
2	0.066544	1412	0	265	203	1104	200	1053	737	316	756	358	82	384	82	46	771	312	805	312
1	0.066631	1414	0	256	211	1085	199	1045	736	307	761	385	78	792	307
2	0.067183	1416	0	240	233	1057	213	1020	745	296	770	395	67	382	73	23	779	308	763	316
1	0.099148	1419	0	224	245	1037	228	1010	746	285	784	373	67	739	321
2	0.066617	1421	0	215	267	1021	228	993	756	271	794	378	68	438	81	112	724	330	803	343
1	0.133035	1425	0	175	306	970	264	952	775	243	825	446	63	770	354
2	0.067381	1427	0	165	319	950	267	941	787	232	842	435	72	413	77	39	739	372	711	381
1	0.099079	1430	0	143	355	921	301	923	802	220	863	425	61	702	391
2	0.066513	1432	0	141	360	918	306	920	806	217	874	418	61	481	68	109	693	396	772	399
1	0.066483	1434	0	134	370	903	306	912	817	208	882	486	67	762	400
2	0.067456	1436	0	118	375	889	314	898	815	199	888	487	63	477	63	16	752	401	740	403
1	0.066075	1438	0	108	378	881	316	893	817	190	895	480	62	736	404
2	0.066945	1440	0	94	382	865	321	882	821	179	899	487	62	489	68	10	730	407	733	414
1	0.065873	1442	0	96	388	865	327	883	828	183	906	487	72	731	425
2	0.066445	1444	0	116	410	873	350	890	847	197	919	486	63	527	75	71	738	436	789	446
1	0.0998	1447	0	126	418	876	365	892	847	197	920	523	59	787	439
2	0.066581	1449	0	116	412	872	352	889	844	193	924	526	65	519	65	13	787	435	778	436
1	0.19972	1455	0	110	411	867	352	884	844	185	924	515	64	769	435
2	0.099742	1458	0	109	407	866	348	887	840	190	918	516	61	551	67	60	769	428	811	431
1	0.199859	1464	0	108	409	865	342	885	836	188	913	550	68	808	428
2	0.099901	1467	0	107	406	865	339	886	832	187	910	445	77	327	87	218	681	447	537	471
1	0.166132	1472	0	111	396	869	337	886	830	192	909	324	87	540	468
2	0.066542	1474	0	111	394	869	334	886	828	192	907	334	87	379	87	77	552	465	608	459
1	0.167085	1479	0	112	400	868	334	888	828	192	907	382	84	608	457
2	0.099365	1482	0	112	401	868	335	885	827	192	906	382	76	446	84	116	608	449	687	451
1	0.166389	1487	0	102	395	866	328	887	822	188	900	447	83	684	443
2	0.066391	1489	0	102	392	867	325	889	819	188	897	447	81	432	81	25	685	438	666	439
1	0.56628	1506	0	100	381	867	314	889	811	185	888	434	82	667	430
2	0.065933	1508	0	98	382	866	315	887	813	183	890	432	76	396	82	65	663	424	618	436
1	0.233199	1515	0	97	380	867	313	888	802	182	889	393	78	619	428
2	0.066621	1517	0	96	381	866	313	887	813	185	888	394	76	385	73	16	614	428	603	425
1	0.166156	1522	0	94	380	864	312	886	801	183	887	383	76	603	426
2	0.067256	1524	0	94	382	864	314	884	803	177	890	383	77	465	81	141	602	428	704	424
1	0.132246	1528	0	93	384	857	306	883	806	182	892	487	83	724	419
2	0.099963	1530	0	91	384	862	306	883	806	181	892	483	80	485	75	10	722	418	724	411
2	0.066747	1533	0	90	384	855	307	881	807	180	893	490	78	515	85	44	725	414	757	419
1	0.398998	1545	0	89	384	856	307	882	807	179	893	485	83	721	421
2	0.067021	1547	0	89	384	861	307	882	807	179	893	477	82	484	81	11	714	421	723	419
1	0.199301	1553	0	89	385	853	309	879	807	178	893	489	83	723	421
2	0.066927	1555	0	88	384	855	307	881	806	178	892	488	82	477	84	18	723	419	710	423
1	0.16673	1560	0	88	381	855	305	881	804	178	890	481	83	715	419
2	0.132274	1564	0	86	380	852	305	878	803	175	889	481	90	519	89	34	713	426	759	420
1	0.066722	1566	0	87	379	853	304	879	803	176	889	521	84	762	414
2	0.06649	1568	0	87	379	852	304	878	803	176	889	523	83	488	92	59	763	413	722	427
1	0.19977	1574	0	85	375	853	308	878	800	175	886	487	83	722	418
2	0.066333	1576	0	86	375	853	308	878	799	176	885	490	80	480	79	15	725	414	713	414
1	0.066543	1578	0	85	376	851	302	876	800	175	886	484	83	715	415
2	0.067263	1580	0	80	377	850	301	876	799	175	885	488	84	525	88	63	718	416	764	416
1	0.199048	1586	0	78	373	852	305	877	797	173	884	522	82	763	411
2	0.066567	1588	0	78	371	851	296	877	796	171	883	522	87	551	90	49	761	410	797	409
1	0.199649	1594	0	77	370	848	296	874	795	171	882	554	87	798	405
2	0.066422	1596	0	77	369	848	294	874	794	171	881	556	83	567	84	18	800	399	813	398
1	0.10009	1599	0	76	369	848	294	874	795	170	882	567	83	813	397
2	0.066389	1601	0	76	370	848	295	874	795	169	882	565	83	403	98	279	810	398	612	437
1	0.266305	1609	0	78	372	852	304	877	796	173	883	342	96	542	448
2	0.066454	1611	0	77	373	851	305	876	797	172	884	342	95	330	101	23	541	447	526	456
2	0.099844	1614	0	76	372	850	304	875	796	170	883	331	98	400	100	111	527	451	613	445
1	0.133064	1618	0	76	374	849	306	874	798	170	885	401	99	613	445
2	0.066586	1620	0	76	375	849	307	874	799	171	886	402	95	378	100	42	614	442	584	450
1	0.199712	1626	0	76	374	847	298	873	799	170	885	382	98	585	444
2	0.099919	1629	0	75	376	846	301	873	802	168	888	384	98	426	101	72	587	445	639	443
1	0.199652	1635	0	75	376	846	301	872	801	169	893	424	99	638	442
2	0.06642	1637	0	74	375	845	301	871	801	167	887	426	98	403	98	38	638	439	610	443
1	0.199976	1643	0	72	373	844	297	870	798	166	890	395	97	600	439
2	0.066245	1645	0	71	372	844	297	870	798	166	890	395	97	457	104	106	599	439	677	440
1	0.066709	1647	0	71	373	843	298	869	798	172	889	460	102	681	438
2	0.066539	1649	0	72	372	844	297	870	797	172	889	463	101	459	95	13	685	436	679	429
1	0.233236	1656	0	70	370	843	297	869	796	171	887	461	94	681	427
2	0.066101	1658	0	69	369	843	296	869	795	170	886	462	94	473	96	21	681	426	696	426
1	0.099911	1661	0	70	366	843	292	869	792	170	883	472	96	694	423
2	0.066799	1663	0	70	364	844	288	870	789	171	881	475	95	518	101	75	698	418	752	420
1	0.132946	1667	0	69	361	844	285	870	788	169	878	518	97	751	413
2	0.066606	1669	0	68	358	844	283	870	786	169	877	518	98	502	93	28	751	411	731	408
1	0.066793	1671	0	68	356	844	282	870	785	169	876	502	94	731	407
2	0.066271	1673	0	67	354	843	279	870	783	169	874	505	96	540	96	61	734	407	777	403
1	0.166681	1678	0	66	352	842	277	868	780	167	871	542	95	777	399
2	0.06682	1680	0	64	349	841	275	867	779	166	869	543	95	559	94	27	778	397	797	394
1	0.065908	1682	0	64	346	841	272	867	776	165	866	560	96	799	393
2	0.099999	1685	0	64	346	841	272	867	776	165	866	563	93	501	95	116	802	389	726	400
1	0.166271	1690	0	55	346	842	272	868	778	163	868	501	95	727	400
2	0.365866	1692	0	55	350	842	274	868	780	163	870	519	98	558	99	67	749	404	797	401
1	0.266407	1709	0	63	365	839	283	866	786	163	877	365	115	557	454
2	0.066363	1711	0	60	358	837	283	864	787	161	877	374	115	443	120	117	568	451	653	447
1	0.133378	1715	0	62	358	840	284	866	787	163	877	441	114	654	441
2	0.066382	1717	0	63	356	841	283	867	787	164	877	440	109	434	113	10	653	435	647	440
1	0.20024	1723	0	59	364	837	282	864	786	159	876	435	109	641	436
2	0.099105	1726	0	60	363	838	281	865	784	159	875	436	107	471	113	63	643	432	687	434
1	0.199738	1732	0	62	353	840	279	867	783	163	873	476	111	697	428
2	0.066579	1734	0	55	354	839	279	865	782	162	872	481	107	525	108	74	700	424	754	419
1	0.400006	1746	0	55	345	841	270	867	774	163	865	525	109	757	411
2	0.066019	1748	0	56	352	840	270	866	774	160	865	524	107	561	109	63	753	409	799	407
1	0.399244	1760	0	51	334	838	260	865	766	156	856	559	110	795	399
2	0.066486	1762	0	51	332	838	258	865	765	156	855	526	111	339	134	329	755	402	524	455
1	0.133141	1765	0	51	340	837	258	864	765	161	854	341	126	524	448
2	0.066851	1768	0	51	333	839	257	866	765	162	855	341	126	326	128	25	526	444	508	449
1	0.100784	1771	0	51	332	840	256	867	765	156	856	330	127	512	446
2	0.065363	1772	0	50	330	840	256	867	765	156	856	333	130	394	129	110	517	449	594	440
1	0.099627	1775	0	52	340	840	257	867	766	162	856	395	121	593	434
2	0.066623	1777	0	52	335	840	259	867	768	157	859	395	124	379	123	27	594	436	574	437
1	0.432682	1790	0	51	349	835	267	861	773	154	862	384	116	574	437
2	0.066559	1792	0	50	354	833	271	859	776	153	866	398	108	416	122	37	588	431	613	444
1	0.232923	1799	0	54	350	837	268	863	772	157	863	413	118	612	436
2	0.100015	1802	0	52	352	835	270	861	775	155	864	414	114	452	113	65	611	434	658	427
1	0.132914	1806	0	52	351	835	269	861	774	155	863	452	113	659	426
2	0.066603	1808	0	50	350	835	267	860	762	159	861	451	116	475	117	39	661	427	690	424
1	0.232784	1815	0	51	347	835	265	860	761	159	860	480	115	697	419
2	0.067231	1817	0	48	347	833	264	859	760	156	859	498	116	530	120	53	716	416	756	417
1	0.232368	1824	0	45	341	833	247	859	755	154	854	529	124	753	410
2	0.067084	1826	0	45	339	833	245	859	753	154	852	530	120	523	121	10	754	402	746	404
1	0.265577	1834	0	34	334	830	250	861	750	149	850	546	120	773	402
2	0.066597	1836	0	41	329	832	246	858	746	151	845	553	119	377	125	304	783	396	565	428
1	0.133426	1840	0	40	329	832	246	858	746	150	846	346	135	527	444
2	0.565389	1842	0	41	327	831	244	857	744	151	844	347	132	332	135	28	528	438	509	445
1	0.333046	1866	0	41	330	832	247	858	748	151	848	544	128	772	409
2	0.066353	1869	0	40	334	831	251	857	751	150	851	544	128	520	130	40	771	412	742	418
1	0.232941	1876	0	41	336	829	254	855	753	151	853	509	127	727	418
2	0.066477	1878	0	32	338	829	255	860	754	148	854	496	124	462	130	57	710	419	669	430
1	0.199639	1884	0	42	340	831	247	862	756	151	856	465	128	673	424
2	0.067427	1886	0	42	340	830	248	862	756	151	856	467	124	489	134	40	675	418	703	427
1	0.298601	1895	0	42	337	832	254	858	754	152	854	505	128	724	421
2	0.099956	1898	0	40	338	830	246	859	754	150	854	507	130	498	132	16	724	419	713	423
1	0.466244	1912	0	33	332	831	248	862	746	148	847	496	126	713	413
2	0.066028	1914	0	41	329	833	246	859	746	151	845	503	118	483	122	33	721	402	697	409
1	0.133432	1918	0	42	329	834	246	860	746	152	845	484	121	700	407
2	0.06637	1920	0	40	326	831	232	857	743	150	843	487	125	534	132	81	699	404	757	405
1	0.166419	1925	0	41	322	834	239	860	740	151	840	530	125	756	399
2	0.10014	1928	0	41	321	834	238	861	749	151	839	532	118	523	118	17	757	393	746	394
1	0.332342	1938	0	32	315	835	231	861	744	148	834	520	118	742	389
2	0.066891	1940	0	32	313	835	229	861	733	148	833	509	122	480	131	52	730	391	695	405
1	0.33256	1950	0	31	320	833	236	859	739	148	839	483	125	696	405
2	0.099761	1953	0	32	322	833	238	859	741	147	841	498	126	516	126	32	715	405	737	403
1	0.099923	1956	0	40	322	833	239	859	741	150	841	515	127	737	404
2	0.066739	1958	0	40	323	833	240	860	752	150	842	516	125	464	128	91	737	405	672	416
1	0.200563	1964	0	32	327	831	232	857	744	148	844	467	126	672	410
2	0.065485	1966	0	39	326	832	232	859	745	149	845	464	128	500	136	65	671	411	716	414
1	0.199498	1972	0	40	330	832	247	858	747	149	847	507	130	727	415
2	0.100576	1975	0	41	330	831	247	860	747	150	847	507	122	547	129	62	726	406	776	409
1	0.165709	1980	0	33	330	831	246	857	746	147	846	548	125	776	404
2	0.066563	1982	0	32	329	831	245	857	746	147	846	499	126	334	147	291	715	412	510	461
1	0.100451	1985	0	32	331	830	247	860	748	148	848	339	142	515	456
2	0.133541	1989	0	34	333	831	249	860	748	148	848	337	137	341	127	9	513	450	517	439
1	0.09879	1992	0	33	330	831	246	857	746	148	846	341	131	517	441
2	0.06641	1994	0	40	325	830	232	856	743	150	843	342	138	344	133	10	518	442	520	435
2	0.067034	1996	0	39	324	830	230	856	742	149	841	346	138	401	142	95	522	439	591	436
1	0.099376	1999	0	38	320	831	226	857	739	149	838	397	139	587	429
2	0.100575	2002	0	32	319	832	235	858	738	148	837	390	135	371	124	37	579	429	554	418
1	0.099721	2005	0	32	319	831	235	857	738	146	838	371	126	554	421
2	0.066002	2007	0	31	318	831	234	857	737	146	836	391	134	428	135	64	580	426	626	422
1	0.199587	2013	0	29	315	828	231	858	735	145	835	427	132	623	416
2	0.067557	2015	0	29	314	829	230	855	734	143	834	426	131	450	134	39	622	413	651	413
1	0.132128	2019	0	28	312	828	228	854	733	143	833	459	132	662	409
2	0.066702	2021	0	28	312	828	228	854	733	144	833	459	131	414	136	78	662	407	606	420
1	0.266642	2029	0	26	317	828	232	854	738	141	838	414	126	604	413
2	0.066147	2031	0	27	319	826	235	852	739	147	838	416	126	437	130	37	606	415	633	417
1	0.0997	2034	0	26	320	827	236	858	739	140	839	435	131	631	417
2	0.066491	2036	0	25	323	824	229	856	742	139	843	438	130	485	140	82	631	415	691	419
1	0.232991	2043	0	26	324	825	231	851	744	146	843	488	135	694	416
2	0.06656	2045	0	26	326	823	233	855	744	143	845	495	134	507	136	20	703	414	718	414
1	0.09978	2048	0	28	328	820	244	855	745	145	845	509	132	720	415
2	0.100347	2051	0	28	329	820	245	855	745	143	846	515	126	500	128	24	727	407	708	412
1	0.731827	2073	0	25	324	818	232	854	742	145	842	503	133	709	409
2	0.099973	2076	0	26	320	818	237	853	739	146	839	503	126	535	131	40	711	402	750	403
1	0.466057	2090	0	23	312	818	220	854	732	143	832	530	135	743	397
2	0.066008	2092	0	23	311	818	219	854	731	143	831	526	131	559	139	58	737	391	779	396
1	0.099836	2095	0	24	306	824	213	855	727	144	827	555	140	778	392
2	0.066554	2097	0	24	306	824	212	855	727	144	827	555	140	390	150	287	778	392	572	429
1	0.299582	2106	0	23	304	826	211	853	727	144	827	335	153	504	442
2	0.066466	2108	0	25	305	827	210	854	727	145	826	337	152	368	154	55	506	441	546	439
1	0.333394	2118	0	24	310	825	217	858	732	144	832	367	149	545	437
2	0.065864	2120	0	25	311	827	227	853	732	145	832	374	142	410	149	66	555	433	602	436
1	0.133132	2124	0	26	313	826	229	858	733	146	832	409	145	601	431
2	0.066588	2126	0	26	313	826	229	858	734	146	833	409	148	372	147	64	601	435	555	440
1	0.332664	2136	0	26	317	826	233	858	736	141	836	345	148	520	447
2	0.066615	2138	0	27	318	826	234	857	737	142	837	347	140	375	152	52	521	439	558	449
1	0.066779	2140	0	27	320	826	236	857	739	147	838	377	145	561	444
2	0.266002	2142	0	27	321	826	227	857	739	141	839	381	143	379	154	17	561	437	561	450
1	0.366147	2159	0	26	312	827	228	856	731	146	830	408	146	599	432
2	0.066475	2161	0	27	310	827	216	854	730	147	829	411	147	432	148	38	600	427	627	425
1	0.199559	2167	0	24	308	825	214	857	729	145	829	450	149	650	422
2	0.066877	2169	0	24	306	825	213	854	727	144	827	469	148	516	153	81	673	416	732	415
1	0.299859	2178	0	21	299	823	215	855	722	142	822	519	148	735	406
2	0.06617	2180	0	21	299	824	215	855	721	142	821	529	146	476	152	91	747	403	683	417
1	0.299617	2189	0	20	301	823	208	849	725	140	824	474	149	675	413
2	0.066496	2191	0	19	303	821	210	848	727	140	826	472	148	529	159	100	672	415	744	418
1	0.166087	2196	0	17	306	820	212	853	728	137	829	534	154	750	413
2	0.066641	2198	0	17	304	822	211	854	728	138	828	541	157	553	156	22	760	414	776	411
2	0.066658	2200	0	16	305	821	212	853	728	137	829	544	157	356	170	332	763	414	528	460
1	0.232721	2207	0	22	306	824	212	856	728	142	828	343	169	515	460
2	0.099916	2209	0	21	308	822	215	849	731	142	830	349	165	425	169	134	519	459	616	451
1	0.499107	2215	0	21	307	823	214	854	729	142	829	423	166	615	446
1	0.798689	2230	0	19	306	815	215	851	728	139	828	471	165	669	435
2	0.100361	2251	0	15	297	815	205	851	720	136	821	339	177	332	180	14	504	461	496	467
2	0.066724	2254	0	14	293	820	208	850	717	135	818	323	179	328	175	10	488	466	494	461
1	0.065816	2256	0	7	293	821	208	852	717	135	818	330	176	496	463
2	0.066613	2258	0	8	289	820	195	851	713	135	814	328	181	359	194	57	492	461	532	472
1	0.099712	2261	0	13	288	820	194	851	712	136	819	370	190	549	465
2	0.06659	2263	0	6	285	820	192	851	711	134	812	372	190	356	192	29	549	463	529	468
1	0.166966	2268	0	6	282	820	188	847	708	133	808	357	191	528	464
2	0.099374	2271	0	6	280	820	195	851	706	134	807	354	187	417	190	82	528	459	608	453
1	0.233392	2278	0	5	277	816	192	846	706	128	812	419	190	608	452
2	0.099844	2281	0	2	278	817	192	848	705	128	806	420	193	462	195	75	608	455	661	450
1	0.232421	2288	0	5	282	815	189	845	710	128	815	464	193	661	449
2	0.100493	2291	0	4	284	815	191	846	712	127	817	467	193	530	198	80	665	451	744	447
1	0.09926	2294	0	1	286	816	193	847	713	130	818	529	195	743	446
2	0.066552	2296	0	9	285	816	193	847	712	130	812	531	192	519	196	19	745	441	731	447
1	0.066331	2298	0	8	285	815	193	847	713	130	813	518	194	728	445
2	0.066635	2300	0	1	289	809	196	846	715	128	820	519	193	544	196	42	726	445	757	445
1	0.099711	2303	0	1	288	815	195	847	714	134	819	552	193	771	442
2	0.100211	2306	0	2	288	815	195	847	714	130	820	553	191	342	209	246	772	439	511	494
1	0.232887	2313	0	4	286	818	192	849	712	132	819	339	205	509	488
2	0.099907	2316	0	2	285	817	190	847	711	130	817	342	206	379	212	45	510	488	559	488
1	0.132783	2320	0	1	284	817	190	848	710	133	811	381	208	560	481
2	0.09992	2322	0	1	283	817	189	847	710	131	816	378	207	380	200	11	557	481	558	473
2	0.09972	2326	0	1	282	816	189	848	708	130	814	379	202	442	210	55	557	474	637	473
1	0.099964	2329	0	1	288	815	195	846	708	132	813	440	204	634	470
2	0.066772	2331	0	1	286	816	193	848	706	132	811	440	203	419	203	37	635	466	608	470
1	0.20018	2337	1	1	286	815	193	847	707	132	811	421	198	609	464
2	0.431714	2339	1	1	286	815	193	847	707	132	811	416	197	375	203	72	602	464	552	477
1	0.10036	2353	1	1	286	815	193	847	707	132	811	426	188	614	452
2	0.065979	2354	1	1	286	815	193	847	707	132	811	426	189	461	196	61	613	453	658	455
1	0.266465	2362	1	1	286	815	193	847	707	132	811	475	191	675	447
2	0.066424	2364	1	1	286	815	193	847	707	132	811	486	192	515	194	50	689	446	725	444
1	0.233696	2371	1	1	286	815	193	847	707	132	811	515	193	725	443
2	0.398688	2373	1	1	286	815	193	847	707	132	811	515	193	547	200	56	726	443	766	446
1	0.166197	2388	0	4	272	814	178	845	701	127	807	338	212	505	483
2	0.066989	2390	0	4	273	815	188	841	702	127	808	352	216	412	227	105	526	489	602	492
1	0.099441	2393	0	1	282	815	189	847	703	131	803	413	221	600	487
2	0.066636	2395	0	5	274	816	189	842	702	127	802	413	221	395	221	31	601	486	578	488
1	0.199693	2401	0	1	278	817	188	843	703	132	803	392	215	574	483
2	0.09971	2404	1	1	278	817	188	843	703	132	803	401	214	475	217	130	585	481	677	473
1	0.366333	2415	1	5	275	815	190	846	704	128	810	474	215	678	470
2	0.099409	2418	1	5	275	815	190	846	704	128	810	466	211	432	205	58	668	466	625	465
1	0.13325	2422	1	5	275	815	190	846	704	128	810	431	204	624	464
2	0.066499	2424	1	5	275	815	190	846	704	128	810	432	203	403	209	51	625	463	590	474
1	0.100219	2427	1	5	275	815	190	846	704	128	810	401	203	586	468
2	0.066647	2429	1	5	275	815	190	846	704	128	810	402	201	388	206	26	588	465	571	473
1	0.165959	2434	1	5	275	815	190	846	704	128	810	385	204	567	471
2	0.099836	2437	1	5	275	815	190	846	704	128	810	385	204	439	202	67	566	471	633	461
1	0.166656	2442	1	5	275	815	190	846	704	128	810	439	202	633	461
2	0.066425	2444	1	5	275	815	190	846	704	128	810	437	204	482	208	80	631	463	688	461
1	0.2663	2452	1	5	275	815	190	846	704	128	810	482	206	688	458
2	0.066354	2454	1	5	275	815	190	846	704	128	810	482	208	525	208	72	688	460	740	454
1	0.132927	2458	1	5	275	815	190	846	704	128	810	530	210	746	455
2	0.066655	2460	1	5	275	815	190	846	704	128	810	529	208	524	200	16	745	454	738	444
1	0.565658	2467	1	5	275	815	190	846	704	128	810	525	197	739	441
1	0.100503	2480	1	5	275	815	190	846	704	128	810	327	211	494	488
2	0.065856	2482	1	5	275	815	190	846	704	128	810	327	209	350	220	45	494	486	525	495
1	0.066595	2484	1	5	275	815	190	846	704	128	810	356	214	531	488
2	0.066677	2486	1	5	275	815	190	846	704	128	810	357	215	408	220	87	533	488	597	486
1	0.399207	2498	1	5	275	815	190	846	704	128	810	387	212	570	480
2	0.066586	2500	1	5	275	815	190	846	704	128	810	394	211	451	211	97	579	477	649	469
1	0.06665	2502	1	5	275	815	190	846	704	128	810	451	208	649	466
2	0.100112	2505	1	5	275	815	190	846	704	128	810	451	208	520	211	78	649	465	734	459
1	0.299179	2514	1	5	275	815	190	846	704	128	810	522	207	737	453
2	0.066954	2516	1	5	275	815	190	846	704	128	810	523	205	512	199	21	737	451	723	445
1	0.233214	2523	1	5	275	815	190	846	704	128	810	511	194	722	439
2	0.06588	2525	1	5	275	815	190	846	704	128	810	508	194	472	199	63	717	441	674	451
1	0.399279	2537	1	5	275	815	190	846	704	128	810	468	192	668	444
2	0.067297	2539	1	5	275	815	190	846	704	128	810	485	196	509	193	43	689	446	719	439
1	0.431908	2552	1	5	275	815	190	846	704	128	810	511	195	722	441
2	0.067028	2554	1	5	275	815	190	846	704	128	810	509	199	533	204	38	720	446	749	448
1	0.132511	2558	1	5	275	815	190	846	704	128	810	532	203	748	447
2	0.099893	2561	1	5	275	815	190	846	704	128	810	534	204	517	205	22	751	448	729	452
1	0.166739	2566	1	5	275	815	190	846	704	128	810	517	204	730	450
2	0.399013	2568	1	5	275	815	190	846	704	128	810	528	207	541	210	23	743	452	759	454
1	0.333286	2588	1	5	275	815	190	846	704	128	810	354	225	531	500
2	0.099574	2591	1	5	275	815	190	846	704	128	810	368	222	465	220	112	548	494	667	477
1	0.166119	2596	1	5	275	815	190	846	704	128	810	464	218	666	475
2	0.099845	2599	1	5	275	815	190	846	704	128	810	458	218	408	216	89	659	476	596	481
1	0.09965	2602	1	5	275	815	190	846	704	128	810	408	215	597	480
2	0.06679	2604	1	5	275	815	190	846	704	128	810	409	211	449	218	67	598	476	648	477
1	0.199595	2610	1	5	275	815	190	846	704	128	810	460	212	660	469
2	0.100387	2613	1	5	275	815	190	846	704	128	810	460	208	532	211	125	660	464	749	456
1	0.099218	2616	1	5	275	815	190	846	704	128	810	531	211	748	456
2	0.066521	2618	1	5	275	815	190	846	704	128	810	530	210	517	210	21	746	455	731	457
1	0.10045	2621	1	5	275	815	190	846	704	128	810	519	205	732	451
2	0.099276	2623	1	5	275	815	190	846	704	128	810	518	204	540	208	36	731	450	757	452
2	0.099793	2627	1	5	275	815	190	846	704	128	810	536	205	334	224	288	753	449	505	502
1	0.166926	2632	1	5	275	815	190	846	704	128	810	334	220	505	498
2	0.065898	2634	1	5	275	815	190	846	704	128	810	335	219	315	219	34	506	496	481	499
1	0.09989	2637	1	5	275	815	190	846	704	128	810	320	220	487	499
2	0.066538	2639	1	5	275	815	190	846	704	128	810	320	217	347	220	46	487	497	521	495
1	0.333077	2649	1	5	275	815	190	846	704	128	810	368	217	548	489
2	0.099666	2652	1	5	275	815	190	846	704	128	810	370	220	391	214	29	550	492	576	482
1	0.266148	2660	1	5	275	815	190	846	704	128	810	395	218	581	486
2	0.100534	2663	1	5	275	815	190	846	704	128	810	398	218	448	220	84	585	485	647	480
1	0.199258	2669	1	5	275	815	190	846	704	128	810	448	220	647	479
2	0.066901	2671	1	5	275	815	190	846	704	128	810	457	223	486	224	51	658	482	694	478
1	0.233014	2678	1	5	275	815	190	846	704	128	810	486	222	694	477
2	0.065847	2680	1	5	275	815	190	846	704	128	810	500	222	519	224	33	711	474	734	473
1	0.266978	2688	1	5	275	815	190	846	704	128	810	520	221	735	470
2	0.099074	2691	1	5	275	815	190	846	704	128	810	521	220	507	220	23	736	468	719	471
1	0.133016	2695	1	5	275	815	190	846	704	128	810	507	220	719	471
2	0.06686	2697	1	5	275	815	190	846	704	128	810	514	221	526	225	20	727	471	743	474
1	0.432392	2700	1	5	275	815	190	846	704	128	810	527	222	743	470
1	0.100594	2713	1	5	275	815	190	846	704	128	810	321	235	491	517
2	0.065698	2715	1	5	275	815	190	846	704	128	810	342	236	375	234	59	517	515	558	508
1	0.099844	2718	1	5	275	815	190	846	704	128	810	375	231	558	504
2	0.06655	2720	1	5	275	815	190	846	704	128	810	376	227	361	229	26	558	499	540	504
1	0.099803	2723	1	5	275	815	190	846	704	128	810	362	228	541	502
2	0.066572	2725	1	5	275	815	190	846	704	128	810	363	224	349	228	24	542	498	525	504
1	0.133282	2729	1	5	275	815	190	846	704	128	810	351	225	526	501
2	0.066426	2731	1	5	275	815	190	846	704	128	810	350	223	405	229	96	525	499	594	497
1	0.233271	2738	1	5	275	815	190	846	704	128	810	408	223	598	490
2	0.066177	2740	1	5	275	815	190	846	704	128	810	407	223	400	225	12	596	490	588	494
2	0.066693	2742	1	5	275	815	190	846	704	128	810	401	225	439	228	64	589	493	636	490
1	0.199613	2748	1	5	275	815	190	846	704	128	810	436	228	633	490
2	0.066445	2750	1	5	275	815	190	846	704	128	810	434	226	415	228	33	631	489	607	494
1	0.266373	2758	1	5	275	815	190	846	704	128	810	408	223	597	490
2	0.066719	2760	1	5	275	815	190	846	704	128	810	412	225	436	230	41	603	491	633	493
1	0.133079	2764	1	5	275	815	190	846	704	128	810	437	226	634	489
2	0.066318	2766	1	5	275	815	190	846	704	128	810	440	227	493	228	92	637	489	703	482
1	0.133051	2770	1	5	275	815	190	846	704	128	810	489	228	698	483
2	0.066797	2772	1	5	275	815	190	846	704	128	810	490	225	483	226	11	699	479	691	481
1	0.266019	2780	1	5	275	815	190	846	704	128	810	482	224	689	479
2	0.067214	2782	1	5	275	815	190	846	704	128	810	487	225	521	229	57	695	479	737	479
1	0.198942	2788	1	5	275	815	190	846	704	128	810	520	229	736	479
2	0.366099	2790	1	5	275	815	190	846	704	128	810	520	228	532	228	18	736	477	750	476
1	0.333108	2809	1	5	275	815	190	846	704	128	810	344	239	520	518
2	0.099435	2812	1	5	275	815	190	846	704	128	810	360	232	425	231	110	539	508	619	496
1	0.133102	2816	1	5	275	815	190	846	704	128	810	424	229	618	494
2	0.465943	2818	1	5	275	815	190	846	704	128	810	414	237	383	248	54	606	504	570	522
1	0.100023	2833	1	5	275	815	190	846	704	128	810	480	220	686	474
2	0.432447	2835	1	5	275	815	190	846	704	128	810	488	224	504	228	27	696	478	716	480
1	0.099787	2849	1	5	275	815	190	846	704	128	810	534	228	753	475
2	0.100399	2852	1	5	275	815	190	846	704	128	810	538	231	325	252	263	758	478	498	536
1	0.265621	2860	1	5	275	815	190	846	704	128	810	323	248	496	532
2	0.066651	2862	1	5	275	815	190	846	704	128	810	322	248	378	252	95	495	532	564	528
1	0.066493	2864	1	5	275	815	190	846	704	128	810	381	250	568	525
2	0.100119	2867	1	5	275	815	190	846	704	128	810	382	249	364	247	9	569	524	546	524
1	0.16608	2872	1	5	275	815	190	846	704	128	810	364	246	546	523
2	0.066567	2874	1	5	275	815	190	846	704	128	810	367	246	397	249	53	550	523	588	521
1	0.133961	2878	1	5	275	815	190	846	704	128	810	397	248	587	520
2	0.066048	2880	1	5	275	815	190	846	704	128	810	395	245	417	249	38	585	517	612	518
1	0.06621	2882	1	5	275	815	190	846	704	128	810	414	251	608	520
2	0.09976	2885	1	5	275	815	190	846	704	128	810	414	248	382	249	50	609	517	569	524
1	0.200347	2891	1	5	275	815	190	846	704	128	810	379	245	564	520
2	0.099667	2894	1	5	275	815	190	846	704	128	810	379	240	436	250	98	564	514	635	516
1	0.099387	2897	1	5	275	815	190	846	704	128	810	453	247	656	510
2	0.066538	2899	1	5	275	815	190	846	704	128	810	454	244	436	244	29	656	506	635	509
1	0.099704	2902	1	5	275	815	190	846	704	128	810	438	242	637	507
2	0.100075	2905	1	5	275	815	190	846	704	128	810	438	241	498	248	51	637	505	711	504
1	0.23283	2912	1	5	275	815	190	846	704	128	810	499	240	711	495
2	0.36603	2914	1	5	275	815	190	846	704	128	810	501	237	528	242	46	713	491	746	493
1	0.199521	2929	1	5	275	815	190	846	704	128	810	319	255	491	541
2	0.067086	2931	1	5	275	815	190	846	704	128	810	314	254	375	260	104	484	540	562	537
1	0.13264	2935	1	5	275	815	190	846	704	128	810	373	253	558	529
2	0.066657	2937	1	5	275	815	190	846	704	128	810	371	251	356	251	25	555	527	537	530
1	0.10068	2940	1	5	275	815	190	846	704	128	810	357	251	538	530
2	0.099057	2942	1	5	275	815	190	846	704	128	810	356	251	422	250	107	537	530	619	518
1	0.133817	2947	1	5	275	815	190	846	704	128	810	422	251	619	519
2	0.065667	2948	1	5	275	815	190	846	704	128	810	417	251	404	255	24	613	520	597	527
1	0.099898	2951	1	5	275	815	190	846	704	128	810	405	253	598	524
2	0.100026	2954	1	5	275	815	190	846	704	128	810	405	251	439	257	57	598	522	640	523
1	0.099521	2957	1	5	275	815	190	846	704	128	810	440	255	640	521
2	0.133138	2961	1	5	275	815	190	846	704	128	810	439	252	399	254	54	639	518	590	527
1	0.366147	2972	1	5	275	815	190	846	704	128	810	397	251	587	523
2	0.066904	2974	1	5	275	815	190	846	704	128	810	405	250	437	254	53	598	521	637	520
1	0.13264	2978	1	5	275	815	190	846	704	128	810	435	251	635	518
2	0.066932	2980	1	5	275	815	190	846	704	128	810	436	251	492	255	94	635	517	704	513
1	0.066183	2982	1	5	275	815	190	846	704	128	810	488	252	700	510
2	0.066576	2984	1	5	275	815	190	846	704	128	810	488	248	482	250	12	699	506	691	509
1	0.166482	2989	1	5	275	815	190	846	704	128	810	474	246	682	506
2	0.366865	2991	1	5	275	815	190	846	704	128	810	482	247	518	246	59	691	505	735	499
2	0.06565	3002	1	5	275	815	190	846	704	128	810	314	254	304	259	18	485	540	473	547
1	0.067123	3004	1	5	275	815	190	846	704	128	810	304	259	473	547
2	0.066557	3006	1	5	275	815	190	846	704	128	810	313	258	338	257	44	484	545	515	540
1	0.432526	3019	1	5	275	815	190	846	704	128	810	343	254	521	535
2	0.099562	3022	1	5	275	815	190	846	704	128	810	347	256	327	267	44	526	537	503	553
1	0.36591	3033	1	5	275	815	190	846	704	128	810	329	271	506	557
2	0.06643	3035	1	5	275	815	190	846	704	128	810	334	274	312	285	41	513	560	487	576
1	0.099832	3038	1	5	275	815	190	846	704	128	810	314	282	489	573
2	0.066786	3040	1	5	275	815	190	846	704	128	810	316	283	307	291	19	492	573	482	584
1	0.233048	3047	1	5	275	815	190	846	704	128	810	308	291	483	583
2	0.066353	3049	1	5	275	815	190	846	704	128	810	317	289	337	281	37	494	580	518	567
1	0.099747	3052	1	5	275	815	190	846	704	128	810	337	282	517	568
2	0.565733	3054	1	5	275	815	190	846	704	128	810	337	280	306	296	57	518	566	482	589
1	0.300291	3071	0	161	364	953	286	981	822	263	888	253	155	520	525
1	0.099303	3081	1	255	444	998	405	1007	913	302	950	111	78	400	529
2	0.066259	3083	1	255	444	998	405	1007	913	302	950	120	86	128	92	18	411	538	422	545
1	0.166332	3088	1	255	444	998	405	1007	913	302	950	141	94	438	546
