2	0.099952	1	0	412	390	958	387	995	785	387	790	178	97	201	93	30
2	0.066644	4	0	412	390	958	387	995	785	387	790	189	93	265	125	105
1	0.199791	10	0	413	390	958	387	995	785	387	790	198	91
2	0.099416	12	0	412	390	958	387	995	785	387	791	183	96	217	94	43
1	0.199738	19	0	413	390	958	387	995	785	387	790	224	87
2	0.099837	21	0	413	390	958	387	995	785	387	791	220	88	236	90	21
2	0.066755	24	0	412	391	959	391	996	786	388	792	228	87	284	77	72
1	0.299267	26	0	412	391	959	391	997	787	388	792	269	83
2	0.06754	35	0	409	392	955	384	994	788	384	793	293	77	300	74	10
1	0.33195	45	0	407	392	953	385	991	789	382	794	294	75
2	0.798472	47	0	406	393	953	393	990	789	380	794	283	74	291	66	13
1	0.066498	71	0	399	388	945	382	982	784	373	787	89	116
2	0.067324	73	0	398	387	943	383	980	783	371	785	150	50	73	157	161
1	0.132248	77	0	397	386	943	383	979	782	371	785	77	129
2	0.100055	79	0	396	385	941	378	979	781	371	794	92	132	169	62	129
2	0.066367	82	0	396	385	942	385	979	781	372	784	171	54	200	190	162
2	0.06658	84	0	395	383	941	383	978	779	369	791	199	190	166	59	159
1	0.099902	87	0	395	383	942	383	978	779	372	782	113	134
2	0.066993	89	0	395	383	940	383	977	778	370	781	170	63	107	133	115
1	0.099405	92	0	393	385	938	377	976	780	369	783	117	132
2	0.099738	95	0	392	385	938	385	975	780	367	782	147	131	211	64	112
1	0.133183	99	0	392	385	938	385	975	781	367	784	209	64
2	0.066719	101	0	393	387	938	387	975	782	368	785	210	66	152	123	101
1	0.133137	105	0	392	387	938	383	975	784	368	796	173	112
2	0.099604	107	0	393	391	938	384	974	787	365	799	184	113	230	65	85
2	0.099804	111	0	394	392	939	384	976	787	368	799	229	66	174	112	90
2	0.099933	113	0	392	389	938	384	974	786	366	798	181	115	248	70	101
2	0.066623	116	0	393	389	938	383	975	787	367	789	274	84	214	118	85
1	0.099722	119	0	392	389	937	385	974	787	365	797	218	112
2	0.066551	121	0	392	388	938	383	974	785	366	797	214	115	255	105	55
1	0.067099	123	0	391	387	937	384	974	785	365	787	256	109
2	0.099728	125	0	392	387	939	383	975	786	367	797	263	101	244	110	24
2	0.066647	128	0	392	388	938	382	975	785	370	798	297	102	362	107	86
1	0.165902	133	0	393	391	939	383	977	788	367	790	307	102
2	0.066568	135	0	393	389	939	385	976	787	366	799	310	100	275	112	48
2	0.066642	137	0	393	390	939	384	976	787	366	799	276	112	161	63	157
1	0.265952	145	0	392	389	934	389	975	787	366	798	90	130
2	0.099846	147	0	393	390	940	382	976	787	367	789	75	135	144	52	133
2	0.066574	150	0	393	389	940	383	976	786	366	798	150	56	171	52	26
1	0.066622	152	0	395	390	941	383	979	787	368	797	168	53
2	0.066992	154	0	394	390	941	383	978	786	368	789	172	52	108	120	113
2	0.09935	156	0	395	389	941	382	978	786	370	788	106	123	172	55	115
2	0.099786	159	0	394	387	940	380	978	785	369	787	174	53	107	124	120
2	0.099785	162	0	393	388	940	382	977	786	368	797	102	131	164	54	122
2	0.066956	165	0	392	387	939	384	976	785	366	787	133	124	201	66	109
2	0.066268	167	0	392	385	934	380	976	783	366	794	202	64	137	120	107
2	0.832131	169	0	392	387	938	381	976	783	366	794	150	141	230	153	103
2	0.06628	194	0	393	381	938	374	975	777	369	779	209	97	203	113	20
1	0.067482	196	0	393	382	938	375	975	775	369	779	195	118
2	0.065756	198	0	395	382	939	376	976	777	371	780	189	115	207	119	25
1	0.0997	201	0	394	383	939	383	975	777	368	780	195	104
2	0.10031	203	0	395	384	940	384	978	779	370	781	192	105	161	120	42
2	0.066013	206	0	393	383	939	383	976	779	368	781	161	122	172	109	20
1	0.133226	210	0	393	382	939	375	977	778	367	781	163	111
2	0.100738	212	0	393	381	939	374	976	777	366	790	184	110	277	94	120
2	0.06606	215	0	394	383	940	376	978	779	367	790	256	25	186	105	133
1	0.099398	218	0	393	382	940	374	978	779	369	782	199	103
2	0.100041	221	0	394	385	940	377	979	781	371	784	205	95	231	99	122
1	0.199844	227	0	393	384	939	376	978	781	368	792	268	72
2	0.066343	229	0	393	383	940	376	977	781	368	793	281	56	283	78	27
1	0.266466	237	0	393	384	940	377	978	781	370	783	289	72
2	0.066837	239	0	394	383	941	379	978	782	368	793	291	61	315	92	47
1	0.09938	242	0	394	383	941	378	979	783	373	785	315	99
2	0.066271	244	0	395	385	942	380	979	783	369	795	310	84	261	95	65
1	1.26441	251	0	395	385	941	378	979	783	368	785	306	97
2	0.366437	284	0	394	386	939	377	976	781	368	783	111	150	232	235	182
2	0.099555	295	0	395	384	939	376	977	779	371	781	169	141	159	145	14
2	0.06647	298	0	395	385	939	378	977	781	370	783	167	139	216	131	64
1	0.332916	301	0	394	387	938	380	976	782	368	794	192	138
2	0.099745	311	0	396	385	941	378	979	783	369	785	222	136	244	128	14
1	0.266234	319	0	395	387	941	380	979	783	369	785	249	120
2	0.066829	321	0	396	387	942	382	979	784	370	796	249	104	305	124	77
1	0.166524	326	0	394	388	936	388	977	783	369	795	282	116
2	0.066999	328	0	395	386	942	386	978	784	374	786	277	117	300	104	33
1	1.63023	331	0	394	385	940	379	978	784	369	795	311	115
1	0.897842	381	0	396	381	943	377	980	780	373	782	221	122
1	0.232984	407	0	396	384	940	377	978	778	370	780	110	157
2	0.732022	413	0	395	383	939	376	977	779	371	781	133	152	166	153	41
2	0.066618	435	0	395	381	941	376	979	780	371	782	268	146	294	159	37
1	0.499318	438	0	396	384	943	377	981	779	371	783	290	133
1	0.199557	455	0	397	385	944	377	981	782	372	784	320	122
2	0.066551	458	0	397	385	944	379	981	782	372	794	301	127	195	178	153
2	0.066521	460	0	397	384	943	377	981	781	371	793	95	192	164	84	162
2	0.099757	462	0	397	384	944	379	982	779	374	782	164	87	197	267	213
2	0.066622	465	0	397	380	944	373	981	777	376	789	84	179	147	86	141
2	0.066662	467	0	397	379	944	374	981	777	376	779	149	89	83	182	141
2	0.066422	469	0	396	380	944	374	981	777	371	779	88	192	152	85	151
1	0.067171	471	0	396	377	943	371	980	773	375	786	86	192
2	0.06599	473	0	396	376	944	371	981	774	371	786	111	197	162	83	158
1	0.066538	475	0	395	375	942	369	980	774	374	776	167	87
2	0.099767	478	0	397	380	944	372	981	776	373	778	166	82	129	176	170
1	0.100093	481	0	397	377	944	371	981	773	373	776	137	179
2	0.06623	483	0	396	378	944	371	981	773	371	775	142	167	197	89	118
2	0.06672	485	0	396	377	942	370	980	773	375	785	196	81	130	167	132
1	0.066521	487	0	396	377	942	372	979	775	372	777	216	139
2	0.066526	489	0	395	377	941	371	978	773	374	785	243	110	180	163	104
1	0.100128	492	0	395	375	941	369	979	772	374	773	180	168
2	0.066182	494	0	394	376	940	368	978	771	373	773	182	175	249	102	124
1	0.266423	499	0	396	371	941	366	979	768	374	780	210	177
2	0.066337	504	0	397	371	942	371	979	765	373	768	241	178	226	172	21
1	0.26632	512	0	396	372	941	372	978	766	372	768	233	174
2	0.066481	514	0	396	372	941	372	977	766	374	778	216	176	261	168	57
1	0.166327	519	0	396	371	940	365	978	767	371	770	302	169
2	0.099981	521	0	397	372	941	365	978	767	371	770	304	162	291	168	18
2	0.066475	524	0	397	373	942	365	980	769	371	771	300	160	333	169	45
2	0.066501	526	0	397	371	942	366	980	768	376	770	343	174	308	162	46
1	0.100041	529	0	396	373	943	364	981	768	373	770	302	167
2	0.066537	531	0	396	373	942	365	980	769	371	771	200	202	108	223	126
1	0.099688	534	0	396	375	942	367	980	771	375	773	103	209
2	0.066688	536	0	394	375	941	368	979	771	373	783	98	198	168	101	151
1	0.133325	540	0	395	375	941	369	979	772	374	783	155	103
2	0.066307	542	0	394	375	940	369	978	771	373	783	156	102	110	203	139
1	0.266215	546	0	395	375	942	369	979	771	374	783	173	226
1	0.099776	553	0	399	374	944	367	983	770	372	773	186	166
2	0.099936	556	0	400	373	945	368	984	770	374	773	184	162	285	103	153
1	0.099722	559	0	399	373	945	368	984	770	374	773	286	101
2	0.066527	561	0	397	373	945	373	982	768	373	772	284	98	227	156	100
2	0.06675	563	0	397	373	944	373	982	769	372	772	227	156	283	99	99
1	0.43344	568	0	397	373	944	373	981	770	372	773	265	165
2	0.06548	578	0	399	376	946	372	983	772	374	776	323	150	286	157	49
1	0.266764	581	0	398	377	945	371	983	773	372	786	288	150
2	0.066019	587	0	398	375	945	371	983	770	373	774	305	155	314	180	31
1	1.39779	590	0	399	374	946	371	984	769	374	773	318	162
1	0.099592	632	0	397	371	943	371	980	767	370	780	206	201
2	0.067046	634	0	398	372	944	372	981	767	371	771	185	198	205	193	26
1	0.066108	636	0	397	372	943	372	981	767	372	771	189	199
2	0.100366	638	0	398	372	944	372	981	767	371	771	179	217	216	209	51
2	0.066095	641	0	398	372	944	372	982	767	373	772	195	200	221	193	34
1	0.067013	643	0	399	372	945	372	983	768	373	772	214	198
2	0.066303	645	0	399	374	946	374	984	769	374	773	211	198	230	190	27
1	0.299851	647	0	399	373	945	373	983	769	374	773	217	201
1	0.165855	659	0	397	374	945	371	983	769	371	773	253	196
2	0.066397	661	0	396	374	944	374	982	770	371	773	251	191	264	180	20
2	0.066604	663	0	397	373	944	373	982	770	372	783	266	181	286	178	26
1	0.066515	665	0	398	373	945	373	983	769	373	772	278	184
2	0.066659	667	0	397	373	944	366	982	770	373	783	282	182	288	188	11
2	0.099921	669	0	397	374	946	374	983	769	372	773	287	180	313	182	33
2	0.066537	672	0	399	373	946	373	983	770	374	773	308	181	301	181	9
1	0.099692	675	0	398	371	946	371	983	769	372	772	293	189
2	0.100025	677	0	398	373	945	366	983	770	376	773	259	118	101	230	248
2	0.067147	680	0	397	373	944	366	982	770	372	772	103	227	106	248	26
2	0.06583	682	0	397	373	944	366	982	769	372	772	106	246	173	129	172
1	0.233641	684	0	397	371	946	371	983	769	376	772	170	129
1	0.099356	691	0	397	371	946	371	982	767	373	770	111	196
2	0.066261	694	0	399	371	947	371	984	768	378	771	189	72	211	251	215
2	0.067006	696	0	398	369	946	371	983	767	374	770	220	278	192	103	214
1	0.332411	699	0	398	369	945	363	983	765	374	778	197	109
2	0.066842	708	0	398	369	944	361	982	765	377	768	227	40	146	214	229
1	0.066101	710	0	399	369	944	362	982	763	373	767	148	226
2	0.100545	712	0	398	369	944	363	982	764	372	767	160	219	249	111	174
2	0.099122	715	0	400	369	945	362	983	763	376	766	250	115	175	213	156
2	0.099912	718	0	400	367	945	362	983	761	374	765	185	220	245	133	129
2	0.099896	721	0	401	367	945	360	983	761	376	765	240	131	168	230	151
2	0.066607	724	0	401	368	945	365	984	762	377	766	182	223	199	211	26
1	0.365882	730	0	400	371	945	371	982	765	375	768	196	209
2	0.100498	737	0	400	370	945	366	983	765	375	769	208	209	199	225	21
2	0.166302	740	0	400	370	946	364	984	765	376	770	180	226	105	255	108
2	0.832718	745	0	401	372	947	372	984	767	377	771	103	249	112	249	11
1	0.464597	782	0	404	372	951	372	988	766	379	772	218	229
2	0.066413	784	0	404	372	951	369	989	768	379	773	249	222	288	220	51
1	0.134019	788	0	404	372	951	372	989	766	379	772	273	216
2	0.065791	790	0	405	373	952	373	991	767	381	773	278	209	269	212	12
2	0.066547	792	0	406	372	952	372	991	767	380	772	271	210	308	215	50
1	0.100382	795	0	405	370	952	370	990	765	381	771	279	213
2	0.099496	798	0	405	371	952	371	989	765	380	781	281	220	303	205	43
1	0.133859	802	0	404	370	951	370	988	765	380	770	303	216
2	0.065712	804	0	404	370	949	366	987	764	380	769	313	217	328	221	20
1	0.532537	807	0	404	370	949	365	987	763	380	769	319	221
2	0.066326	822	0	401	366	946	360	984	759	377	765	93	264	91	277	16
1	0.066514	824	0	401	366	946	364	984	760	376	764	94	265
2	0.066435	826	0	401	366	946	366	984	760	377	765	91	261	115	258	32
1	0.465907	830	0	401	367	945	367	984	761	376	766	119	260
1	0.067025	842	0	400	369	945	364	983	763	374	768	185	256
2	0.066291	844	0	399	368	945	363	983	763	373	777	182	247	189	239	15
1	0.100124	847	0	399	367	945	361	983	763	375	767	190	250
2	0.066142	849	0	400	368	946	362	984	762	376	767	183	253	225	245	57
1	0.53319	855	0	401	369	947	369	986	764	377	769	226	245
2	0.099153	867	0	402	370	948	365	986	763	378	770	258	224	266	225	9
2	0.066784	870	0	403	370	948	368	987	765	379	770	262	224	274	223	15
1	0.166003	875	0	402	370	949	370	988	765	379	770	273	221
2	0.066601	877	0	402	369	948	369	987	764	378	770	270	222	304	217	44
1	0.10043	880	0	404	370	949	370	988	765	380	771	310	220
2	0.066347	882	0	404	370	949	366	988	764	379	770	320	228	313	215	18
1	0.232481	886	0	403	370	948	367	987	765	379	771	314	221
2	0.067445	891	0	403	370	949	367	987	765	377	770	102	275	94	268	11
1	0.066433	893	0	404	370	949	368	987	765	379	770	93	268
2	0.065826	895	0	402	369	949	362	987	765	378	770	117	286	85	264	51
1	0.133122	899	0	404	370	951	370	988	765	380	770	84	263
2	0.067304	901	0	402	368	948	368	987	763	378	768	85	265	130	259	60
1	0.165879	906	0	403	368	949	368	988	763	379	767	125	262
2	0.066331	908	0	404	369	949	366	988	762	380	769	121	277	141	265	29
1	0.066459	910	0	403	369	949	363	988	763	379	769	137	269
2	0.099895	913	0	405	370	951	370	988	765	380	770	135	259	164	253	29
1	0.266914	921	0	405	368	949	366	988	761	380	767	167	263
2	0.065886	923	0	405	368	949	368	988	761	380	767	171	256	192	268	32
1	0.366053	934	0	404	367	948	367	987	761	379	766	184	265
2	0.066431	936	0	403	369	948	366	987	762	379	768	211	261	244	259	45
1	0.133831	940	0	402	369	948	363	986	763	377	768	246	262
2	0.099188	942	0	402	368	948	368	986	761	378	767	244	251	240	257	9
2	0.066417	945	0	403	369	949	363	988	763	379	768	241	260	266	257	35
1	0.066904	947	0	403	368	949	366	987	763	379	768	264	262
2	0.066199	949	0	403	369	949	362	987	763	379	769	268	249	280	264	24
1	0.101336	952	0	403	369	949	365	987	764	378	768	264	254
2	0.098667	955	0	402	369	948	363	987	763	378	768	266	252	290	250	41
1	0.09966	958	0	402	368	948	362	986	764	378	768	290	250
2	0.399183	960	0	402	369	948	363	986	765	377	769	291	250	301	249	11
2	0.066661	972	0	402	369	949	360	986	765	376	769	111	299	82	303	38
1	0.100275	975	0	403	368	950	361	988	763	377	768	85	311
2	0.099347	978	0	403	369	950	362	988	765	379	769	79	301	109	285	19
1	0.133417	982	0	403	371	950	371	988	767	378	771	103	284
2	0.332627	984	0	402	371	950	371	987	767	376	780	106	271	127	269	31
2	0.066378	994	0	402	369	949	360	986	763	376	768	143	283	167	285	31
1	0.299611	1003	0	401	368	948	360	986	762	377	767	170	271
2	0.067029	1005	0	401	368	948	363	986	762	377	767	174	263	187	266	17
1	0.332125	1012	0	401	365	948	359	986	759	375	764	200	273
1	0.300353	1024	0	400	362	946	359	983	757	376	761	249	273
2	0.0666	1026	0	400	361	946	361	983	755	375	759	264	267	292	283	43
1	0.398558	1038	0	399	362	945	362	983	755	373	760	295	272
2	0.066592	1040	0	399	362	946	362	983	757	375	761	302	266	125	302	246
1	0.23289	1047	0	399	361	946	361	983	757	374	761	81	325
2	0.06646	1049	0	399	362	947	362	984	755	375	761	94	322	82	308	21
1	0.066536	1051	0	399	361	946	361	984	757	375	761	80	301
2	0.066794	1053	0	400	362	947	360	986	758	374	762	84	327	105	307	40
1	1.03134	1055	0	399	362	947	362	984	757	373	761	120	309
2	0.066481	1086	0	401	363	950	359	988	759	377	763	236	343	179	274	114
1	0.69895	1088	0	401	362	949	358	987	757	375	762	209	285
2	0.067556	1109	0	403	363	951	363	989	759	378	764	247	258	258	265	16
1	0.065458	1111	0	404	363	951	358	990	758	379	763	265	271
2	0.066664	1113	0	402	362	950	362	988	757	378	762	251	251	264	282	42
1	0.166381	1115	0	404	363	951	359	990	758	380	763	263	269
1	0.233374	1125	0	403	361	950	361	987	755	378	760	270	268
2	0.066045	1127	0	402	360	949	360	987	753	377	759	264	269	305	261	56
1	0.666253	1136	0	404	357	949	357	989	749	380	755	304	269
2	1.56324	1149	0	401	358	948	358	987	751	378	757	91	289	93	325	45
2	0.066811	1195	0	404	360	952	360	990	755	379	760	190	298	199	290	16
1	0.233759	1202	0	405	359	954	359	992	753	381	760	201	290
2	0.06591	1204	0	404	359	953	359	991	754	380	759	209	285	240	284	43
1	0.332331	1206	0	405	359	953	359	991	754	381	760	240	286
1	0.166419	1219	0	405	358	953	358	991	753	381	759	253	285
2	0.067175	1221	0	405	358	953	352	991	753	381	758	252	285	267	289	20
2	0.066355	1223	0	404	357	951	352	990	751	380	757	261	285	275	308	36
1	0.166253	1228	0	405	355	951	355	990	749	380	754	260	294
2	0.100246	1230	0	405	356	951	356	991	750	381	756	255	297	274	300	27
2	0.132393	1234	0	406	355	951	355	990	749	381	754	259	292	275	308	23
1	0.532425	1251	0	405	354	950	351	988	746	380	753	295	290
2	0.100643	1254	0	405	355	950	355	989	748	380	754	304	288	214	331	122
1	0.498582	1259	0	404	354	949	354	988	747	378	754	85	350
2	0.066695	1271	0	404	354	950	354	989	749	379	754	113	316	116	328	15
1	0.199322	1277	0	405	354	952	350	991	749	381	755	128	328
2	0.099746	1280	0	404	353	951	353	990	748	378	754	136	339	176	312	55
1	0.100021	1283	0	405	354	952	350	991	749	380	754	174	316
2	0.33278	1285	0	404	353	951	346	989	747	379	753	178	316	220	361	81
1	0.166183	1298	0	406	355	953	355	992	749	381	755	226	302
2	0.066947	1300	0	405	356	953	352	992	751	381	756	237	301	305	308	92
1	0.132899	1304	0	405	356	952	352	991	751	381	755	238	307
2	0.067047	1306	0	404	356	952	353	991	751	380	757	248	310	277	319	42
1	0.332508	1316	0	406	353	953	353	991	748	382	754	266	310
2	0.067338	1318	0	407	354	955	354	994	749	383	755	267	307	279	299	21
1	0.132052	1322	0	406	352	954	352	992	747	380	753	278	301
2	0.066531	1324	0	405	350	953	350	991	744	379	751	276	303	294	314	26
1	0.399234	1336	0	406	347	953	351	991	744	382	750	304	307
2	0.866138	1338	0	407	349	953	349	991	742	382	749	311	311	321	306	14
2	0.065972	1364	0	407	349	953	352	991	745	383	752	123	352	133	363	21
1	0.099685	1367	0	408	345	954	351	993	745	383	752	124	345
2	0.998135	1369	0	406	347	953	351	991	744	382	751	116	329	126	341	21
2	0.066502	1399	0	407	352	953	352	992	746	382	753	154	317	224	416	160
1	0.432682	1402	0	407	348	953	352	992	745	382	751	191	316
2	0.066468	1414	0	408	344	956	351	995	745	385	751	203	283	234	307	52
1	0.233011	1421	0	408	345	955	350	993	743	383	750	199	299
2	0.066475	1423	0	408	340	954	349	992	743	383	750	216	311	188	301	42
1	0.299705	1432	0	406	340	954	347	993	739	382	747	222	295
2	0.066404	1434	0	407	339	955	348	994	740	384	747	223	296	244	309	35
1	0.099774	1437	0	407	340	955	347	994	738	383	747	235	296
2	0.066548	1439	0	407	337	954	345	989	736	383	745	233	296	245	298	17
1	0.16638	1444	0	406	338	953	345	988	736	383	744	239	301
2	0.09991	1446	0	406	339	953	344	992	736	382	744	243	297	277	297	43
2	0.066735	1449	0	406	338	953	343	988	735	382	743	271	292	282	297	18
1	0.132973	1453	0	406	338	952	345	992	736	382	745	271	297
2	0.066715	1455	0	407	339	953	345	988	738	383	746	282	299	301	307	29
1	0.498845	1470	0	407	338	953	345	993	746	382	745	289	298
2	0.066634	1472	0	407	338	953	344	993	737	381	744	271	305	284	314	21
1	0.232986	1479	0	406	341	954	345	994	739	382	746	274	305
2	0.101013	1482	0	407	339	954	345	994	738	382	745	269	306	292	307	23
1	0.198365	1488	0	407	338	954	345	993	739	382	746	284	304
2	0.066529	1490	0	407	337	953	345	994	739	381	746	288	303	292	316	17
1	0.066756	1492	0	407	345	954	345	994	739	382	746	293	307
2	0.067025	1494	0	407	338	954	344	994	738	381	746	293	300	313	307	29
1	0.232372	1501	0	406	340	955	344	995	738	382	746	307	302
2	0.066498	1503	0	407	338	955	344	996	738	383	746	299	303	289	307	14
1	0.067409	1505	0	408	338	955	344	995	737	383	746	291	303
2	0.398645	1507	0	409	338	956	344	996	737	383	745	287	305	315	311	38
2	0.099563	1519	0	408	336	956	341	995	735	384	742	89	376	96	357	29
2	0.066685	1522	0	406	339	955	339	995	733	382	740	82	374	157	244	197
1	0.166536	1527	0	409	336	956	340	996	733	385	740	154	246
2	0.066457	1529	0	408	340	957	340	996	732	385	740	179	262	105	362	167
1	0.066886	1531	0	409	339	956	339	996	731	385	739	112	364
2	0.066058	1533	0	409	336	956	340	995	732	385	738	116	368	181	252	178
1	0.166454	1538	0	407	338	955	338	995	739	384	738	186	258
2	0.099802	1540	0	408	337	955	337	994	729	384	738	196	254	130	367	172
2	0.099996	1543	0	409	337	956	337	990	729	384	737	127	349	199	262	149
2	0.066425	1546	0	410	337	961	337	991	729	386	729	195	266	194	281	18
1	0.466011	1560	0	410	340	959	340	999	741	387	740	197	258
2	0.066466	1562	0	411	339	960	339	995	740	388	732	200	257	125	355	162
1	0.06705	1564	0	411	339	965	339	995	741	388	732	172	306
2	0.099306	1566	0	412	339	960	339	995	741	388	740	132	359	197	254	160
2	0.099727	1569	0	412	337	966	341	996	743	389	734	196	260	168	351	120
2	0.199735	1572	0	414	337	960	341	995	743	389	734	178	344	171	356	17
1	0.100063	1579	0	411	337	960	342	999	735	387	743	186	347
2	0.099502	1581	0	413	338	960	342	999	735	387	743	186	342	215	334	41
2	0.100095	1585	0	411	337	961	341	996	734	389	742	211	335	222	331	104
1	0.133556	1589	0	413	336	961	341	996	734	389	734	232	335
2	0.066064	1591	0	413	337	962	341	1000	735	390	735	227	335	236	330	14
2	0.06644	1593	0	414	337	962	341	997	734	390	742	227	331	267	327	55
1	0.066514	1595	0	414	337	962	341	1001	743	389	742	268	322
2	0.432637	1597	0	412	336	961	340	996	733	389	733	266	328	288	330	30
1	0.200396	1614	0	414	337	962	341	997	743	390	742	312	307
2	0.0659	1616	0	414	336	961	341	996	743	389	741	320	303	296	313	35
1	0.132972	1620	0	411	339	960	339	994	732	388	740	296	319
2	0.067052	1622	0	412	340	960	340	999	733	388	741	286	316	297	323	16
1	0.233157	1629	0	412	338	959	338	1000	740	388	738	315	317
2	0.066391	1631	0	413	339	960	339	994	731	389	738	338	316	179	347	223
2	0.099291	1633	0	412	337	959	337	993	729	388	737	179	349	176	258	116
2	0.066519	1636	0	414	338	961	338	995	730	390	730	172	263	94	378	183
1	0.06657	1638	0	412	337	965	337	995	737	389	737	98	358
2	0.066747	1640	0	413	337	961	337	996	733	390	736	98	364	172	259	168
1	0.26599	1648	0	412	339	959	339	993	729	389	729	172	262
2	0.066824	1650	0	412	339	959	339	993	729	389	729	167	262	90	376	178
2	0.06631	1652	0	412	339	959	339	998	730	389	738	89	370	221	267	227
1	0.066566	1654	0	413	339	959	339	994	739	389	738	221	264
2	0.099871	1656	0	413	337	959	337	994	737	389	737	220	266	151	360	152
2	0.099886	1660	0	412	337	961	337	996	738	389	737	247	270	224	348	149
1	0.266757	1668	0	414	338	960	338	995	740	389	739	216	344
2	0.099428	1670	0	412	339	960	339	994	731	389	731	215	345	265	350	69
2	0.066437	1673	0	412	339	961	339	995	731	389	731	255	361	264	331	38
1	0.066651	1675	0	412	338	961	338	996	739	389	739	283	337
2	0.066341	1677	0	413	337	961	337	996	738	389	738	292	348	279	335	24
1	0.266198	1685	0	413	337	962	337	997	740	390	739	298	333
2	0.099824	1687	0	412	337	961	337	996	740	389	739	315	337	295	330	27
1	1.09814	1693	0	414	339	966	339	996	740	389	740	323	328
1	0.56575	1723	0	410	325	958	334	994	735	386	734	165	357
1	0.166636	1743	0	400	316	949	319	989	713	374	718	243	383
2	0.066323	1745	0	400	319	949	319	989	712	376	719	264	376	241	375	31
1	0.066525	1747	0	400	318	949	321	984	715	376	720	250	373
2	0.066613	1749	0	398	320	948	320	988	715	374	721	246	370	272	364	38
1	0.133216	1753	0	399	318	948	319	983	717	375	723	278	369
2	0.133149	1757	0	398	324	948	321	987	719	375	725	280	359	307	359	25
1	0.166148	1761	0	397	325	947	325	987	721	376	724	303	360
2	0.0666	1763	0	397	327	947	327	986	723	376	726	300	357	310	356	13
1	0.898414	1768	0	397	329	946	326	985	723	376	729	316	359
1	0.632244	1793	0	398	335	946	329	986	730	377	734	368	15
1	0.133135	1812	0	396	335	943	329	983	729	375	734	95	423
2	0.066522	1815	0	397	335	943	331	983	729	376	733	97	403	286	365	265
1	0.133067	1819	0	396	334	942	327	982	729	375	733	298	363
2	0.066787	1821	0	395	335	942	326	980	729	375	733	301	352	247	369	74
1	0.299791	1830	0	391	331	939	325	977	725	370	728	266	371
2	0.066503	1832	0	391	331	938	325	976	724	370	727	287	372	372	164	281
1	0.099615	1835	0	391	330	938	326	976	723	370	727	398	69
2	0.099668	1838	0	392	332	938	328	977	726	371	728	397	60	370	32	34
1	0.19979	1844	0	391	332	937	328	976	727	370	730	372	30
2	0.067689	1846	0	389	334	936	328	974	729	364	731	377	26	413	36	48
1	0.09843	1849	0	389	334	936	327	974	728	368	732	406	38
2	0.066611	1851	0	385	335	934	330	973	731	365	733	409	35	437	38	35
1	0.166401	1856	0	383	339	932	339	970	734	362	735	435	27
2	0.066871	1858	0	382	340	931	340	968	736	361	746	431	23	480	22	59
1	0.831528	1864	0	377	341	926	339	963	730	356	750	481	24
1	0.299664	1892	0	358	355	909	345	954	745	339	758	557	0
2	0.06666	1894	0	358	356	910	345	955	745	341	759	567	0	583	-7	21
1	0.532223	1901	0	355	353	906	343	952	742	336	755	590	-3
1	0.200331	1913	0	346	354	897	344	938	735	327	756	387	48
1	0.132529	1919	0	346	357	897	345	942	746	330	759	389	43
2	0.067212	1922	0	347	356	897	345	943	744	330	758	436	44	415	54	30
1	0.232154	1929	0	344	358	893	346	940	745	327	758	417	50
2	0.10002	1931	0	345	356	894	346	940	744	327	757	421	51	443	51	27
2	0.099687	1935	0	344	357	893	346	939	744	326	758	429	45	433	52	16
1	0.0998	1938	0	345	358	894	347	940	745	328	759	434	49
2	0.067316	1940	0	346	359	894	345	940	746	328	760	443	51	455	42	18
1	0.099033	1943	0	344	359	893	349	939	747	326	760	461	41
2	0.100051	1945	0	344	360	893	350	939	748	327	761	461	35	483	38	26
2	0.099675	1949	0	345	361	894	351	940	749	327	762	490	37	490	37	35
1	0.099862	1952	0	345	361	894	351	940	749	328	763	492	37
2	0.100385	1955	0	345	362	895	352	940	750	328	764	493	33	531	29	50
1	0.099273	1958	0	345	364	895	353	940	752	328	765	531	30
2	0.099775	1961	0	345	363	895	353	939	751	328	765	569	22	589	22	78
1	0.266305	1969	0	345	363	896	353	942	752	328	765	583	21
2	0.100195	1971	0	343	363	894	353	939	745	326	766	484	47	382	71	132
1	0.731701	1987	0	344	365	895	353	941	754	325	776	375	58
1	0.13303	1998	0	345	365	896	353	942	754	327	767	395	55
2	0.066694	2000	0	345	365	897	353	942	754	327	767	400	60	442	56	53
1	0.565692	2007	0	343	363	895	353	939	744	324	774	434	55
1	0.099773	2020	0	344	362	894	350	940	751	325	773	471	43
2	0.399312	2022	0	343	361	893	348	939	750	324	772	489	45	520	26	41
1	0.366042	2043	0	341	361	890	348	936	749	324	770	535	41
2	0.066499	2045	0	341	361	890	345	934	740	322	770	553	43	570	48	20
1	0.066668	2047	0	341	361	890	346	934	741	322	771	569	41
2	0.066566	2049	0	340	361	890	347	934	741	321	771	571	36	563	46	13
1	0.36641	2051	0	340	363	889	354	933	743	321	773	561	38
2	0.066084	2062	0	340	364	891	355	935	745	321	775	576	33	588	30	13
1	0.432569	2071	0	340	366	890	353	935	748	321	777	588	34
2	0.066588	2077	0	340	368	891	355	935	749	321	778	509	47	387	67	153
1	0.39946	2089	0	343	371	894	357	938	753	324	781	382	61
2	0.066381	2091	0	342	372	893	358	937	753	323	781	417	53	390	49	34
1	0.066611	2093	0	342	371	893	358	937	752	324	781	396	46
2	0.066531	2095	0	342	368	892	356	936	751	322	780	394	53	431	55	47
1	0.166336	2100	0	340	367	892	356	935	750	321	778	438	49
2	0.06656	2102	0	340	369	892	355	935	750	321	778	461	51	446	47	19
1	0.366658	2113	0	341	365	892	354	936	748	321	777	463	51
2	0.065997	2115	0	340	364	890	353	935	748	320	776	481	53	490	52	10
1	0.099823	2118	0	341	364	891	351	936	747	321	775	494	53
2	0.066481	2120	0	340	365	892	355	936	746	321	775	493	48	518	47	30
1	0.665759	2126	0	340	364	891	355	934	744	320	773	535	42
1	0.066427	2142	0	336	361	886	349	929	743	322	771	604	49
2	0.066873	2144	0	337	361	886	349	930	743	323	770	600	47	411	90	238
1	0.166026	2146	0	336	362	886	349	929	742	317	770	368	102
2	0.066465	2151	0	336	360	886	349	929	742	322	770	386	82	364	96	31
1	0.101526	2154	0	337	361	885	350	930	743	317	771	375	92
2	0.064887	2156	0	337	361	887	354	930	743	317	771	371	89	404	84	43
1	0.100051	2159	0	337	364	888	355	930	744	317	772	413	79
2	0.099637	2161	0	336	361	887	354	930	743	317	771	408	87	417	78	15
2	0.067224	2164	0	336	362	887	356	931	745	318	773	414	81	449	79	43
1	0.099479	2167	0	336	364	887	355	930	745	316	773	434	79
2	0.066465	2169	0	336	364	886	351	931	745	316	773	442	80	418	86	32
1	0.067467	2171	0	336	362	886	351	931	746	316	774	424	83
2	0.298384	2173	0	336	363	886	351	931	746	317	774	427	82	448	84	28
1	0.133411	2184	0	339	366	889	353	934	748	320	777	467	77
2	0.066295	2186	0	338	367	889	354	932	748	319	777	474	76	496	74	28
1	0.067519	2188	0	339	366	890	355	933	749	320	777	490	74
2	0.065528	2190	0	339	369	889	355	933	750	319	778	492	71	485	72	9
1	0.49919	2194	0	339	366	890	355	933	749	319	777	478	77
1	0.332794	2215	0	339	365	889	353	934	748	319	776	491	62
2	0.100592	2218	0	339	363	885	352	934	747	325	775	502	64	475	67	21
1	0.132868	2222	0	338	365	889	351	933	746	320	774	473	69
2	0.099188	2225	0	338	361	888	351	933	745	318	773	475	70	496	74	28
1	0.333058	2235	0	335	359	886	348	929	742	321	769	500	73
2	0.099593	2238	0	336	363	881	349	929	744	322	770	510	68	534	68	40
1	0.19988	2244	0	336	360	885	348	929	742	322	769	532	71
2	0.066658	2246	0	336	361	885	347	929	741	322	768	532	70	540	70	10
1	0.166044	2251	0	337	359	885	348	929	742	323	770	544	72
2	0.099865	2254	0	336	363	886	349	929	742	316	770	541	73	562	73	22
1	0.16644	2259	0	335	362	885	347	928	742	315	770	575	74
2	0.09973	2262	0	333	363	884	349	927	744	314	771	580	68	587	77	16
1	0.133104	2266	0	333	360	884	348	928	743	319	770	597	71
2	0.066895	2268	0	333	360	879	348	927	743	319	770	597	73	402	114	246
1	0.300099	2277	0	335	364	886	350	931	745	315	772	376	111
2	0.098837	2280	0	335	362	886	350	931	745	321	772	399	88	381	109	60
1	0.166389	2285	0	335	362	886	350	930	746	317	773	380	108
2	0.100617	2288	0	335	364	881	350	930	746	321	773	382	106	400	103	35
1	0.365268	2299	0	337	366	888	352	933	747	323	775	405	93
2	0.066581	2301	0	337	363	888	351	932	747	317	775	401	93	417	94	21
1	0.066519	2303	0	338	364	888	352	933	747	324	775	423	87
2	0.100341	2306	0	337	364	887	352	932	747	318	775	433	84	433	80	13
1	0.332312	2316	0	336	362	888	350	932	746	322	773	426	86
2	0.066738	2318	0	337	364	889	350	933	746	323	773	436	83	414	91	28
1	0.099706	2321	0	336	362	887	349	931	744	322	772	416	91
2	0.066537	2323	0	337	360	889	349	933	745	323	772	417	87	431	83	18
1	0.066438	2325	0	337	360	888	349	932	744	317	772	422	89
2	0.066669	2327	0	336	360	887	347	931	743	317	771	421	93	430	92	12
1	0.133485	2331	0	335	359	886	346	930	742	321	769	435	97
2	0.099503	2334	0	335	359	886	347	930	742	316	769	441	94	439	94	14
1	0.232832	2341	0	335	356	886	345	929	739	321	767	433	100
2	0.100394	2344	0	335	357	886	346	929	740	321	767	444	92	447	95	20
1	0.132595	2348	0	334	358	884	344	929	738	315	765	448	98
2	0.066492	2349	0	334	358	884	344	928	739	317	766	479	95	441	102	48
1	0.233234	2356	0	334	359	885	345	928	739	320	767	465	99
2	0.100418	2358	0	334	360	885	346	929	740	316	768	488	90	468	98	27
2	0.065659	2361	0	333	360	880	346	928	741	319	768	480	95	511	95	39
1	0.133107	2365	0	333	358	884	346	928	741	314	768	498	98
2	0.100245	2368	0	333	362	884	348	928	743	314	770	496	95	521	89	21
1	0.366595	2370	0	333	358	885	347	928	742	319	769	517	92
1	0.13221	2383	0	335	362	886	351	930	746	321	773	542	63
2	0.066514	2385	0	333	362	880	350	929	746	319	772	545	70	562	64	19
1	0.499238	2387	0	334	362	881	350	930	746	320	773	570	66
1	0.167302	2404	0	335	361	887	350	931	746	321	773	589	59
2	0.065617	2407	0	334	361	886	350	930	747	320	773	523	75	373	104	196
1	0.133361	2411	0	334	362	881	349	930	747	320	773	386	101
2	0.066228	2413	0	335	361	882	350	931	747	321	773	378	97	360	104	24
1	0.266619	2421	0	333	359	880	349	929	745	319	772	365	102
2	0.232453	2423	0	334	361	881	349	930	746	320	771	362	103	371	96	14
1	0.100128	2431	0	334	362	880	348	928	744	320	770	374	97
2	0.066447	2433	0	334	361	885	349	928	744	320	771	365	100	378	101	18
1	0.099834	2436	0	333	358	879	347	927	742	319	768	383	104
2	0.066416	2438	0	333	358	879	346	927	742	319	767	384	106	425	101	52
1	0.067318	2440	0	332	357	883	345	927	741	318	766	416	105
2	0.066041	2442	0	333	358	884	346	927	741	319	767	438	100	408	105	38
1	0.09965	2445	0	333	355	883	344	927	739	319	766	410	106
2	0.067037	2447	0	335	360	885	346	929	740	321	767	390	116	409	103	27
1	0.099325	2450	0	335	356	885	345	929	739	321	766	409	102
2	0.099827	2453	0	335	360	885	346	929	739	321	767	405	102	429	96	31
1	0.233567	2460	0	333	357	879	346	927	741	319	768	449	102
2	0.09915	2463	0	333	361	884	346	927	741	319	768	451	96	464	102	24
1	0.100582	2466	0	334	359	885	346	929	742	320	769	464	102
2	0.066522	2468	0	334	358	880	347	928	742	320	769	467	103	485	102	23
1	0.099346	2471	0	335	362	887	348	930	743	321	770	479	98
2	0.066766	2473	0	334	359	881	348	929	743	320	770	482	98	514	94	38
1	0.16595	2478	0	332	359	880	347	928	743	318	770	513	95
2	0.066506	2480	0	333	359	880	349	929	745	319	771	516	91	527	90	13
1	0.166435	2485	0	333	360	880	348	929	745	319	771	528	90
2	0.066602	2487	0	333	360	885	349	929	745	319	772	522	87	544	84	27
1	0.299346	2496	0	336	364	883	351	932	746	316	773	539	84
2	0.101001	2498	0	336	362	883	351	932	746	322	773	536	81	560	82	30
1	0.565559	2506	0	335	363	886	351	930	747	321	774	575	78
2	0.065555	2518	0	336	361	883	351	932	747	322	774	373	117	366	120	9
1	0.332815	2528	0	335	361	881	350	930	746	321	772	375	116
2	0.100147	2531	0	334	359	880	348	928	744	320	770	374	124	402	120	31
1	0.199304	2537	0	334	360	879	348	927	744	320	769	402	120
2	0.066594	2539	0	333	359	880	347	928	742	319	768	400	122	431	117	40
1	0.33278	2549	0	333	355	878	344	927	738	319	765	436	125
2	0.099841	2552	0	334	357	884	346	927	741	320	767	450	121	478	117	17
1	0.166313	2557	0	335	361	885	347	928	740	321	767	462	118
2	0.10002	2559	0	337	359	885	345	930	741	318	769	480	114	501	95	36
1	0.732007	2565	0	337	360	887	346	932	751	317	771	501	98
1	0.132984	2586	0	337	365	883	350	932	746	323	773	531	96
2	0.465984	2588	0	337	362	888	351	932	747	323	774	532	95	569	95	46
1	0.332772	2610	0	337	364	883	352	932	748	323	775	367	125
2	0.066605	2612	0	338	364	884	354	932	749	324	776	364	116	397	115	42
1	0.300214	2618	0	337	363	888	352	932	748	323	774	387	115
2	0.065793	2623	0	337	366	887	352	932	748	323	774	413	118	424	114	14
1	0.066546	2625	0	337	362	883	351	932	746	323	773	417	119
2	0.099824	2628	0	338	362	883	350	932	745	324	772	442	120	463	115	70
1	0.099841	2631	0	338	365	888	350	932	745	324	772	458	117
2	0.066468	2633	0	337	362	887	350	932	745	323	771	462	118	489	110	37
1	0.133511	2637	0	337	362	882	350	930	744	323	771	477	119
2	0.099626	2640	0	337	360	887	348	931	742	323	769	474	125	513	124	9
1	0.266292	2648	0	337	360	882	347	930	742	323	768	516	125
2	0.099566	2651	0	337	358	881	347	929	740	323	767	520	123	540	126	24
1	0.13353	2655	0	337	362	886	348	929	741	323	768	537	124
2	0.066415	2657	0	337	358	881	347	929	740	323	767	539	124	566	123	33
1	0.0999	2660	0	337	364	886	350	929	743	323	770	557	120
2	0.066262	2662	0	337	361	881	349	929	743	323	770	571	120	587	120	21
1	0.20016	2668	0	337	363	881	351	930	746	323	773	587	116
2	0.066025	2670	0	336	363	880	351	929	746	322	772	590	114	599	115	11
1	0.166397	2675	0	336	366	881	351	930	746	322	773	598	114
2	0.099798	2678	0	337	363	887	352	931	747	323	773	589	112	371	156	225
1	0.399275	2690	0	338	368	884	354	932	749	324	776	363	149
2	0.066597	2692	0	338	367	884	354	932	750	324	776	353	149	362	143	12
1	0.099817	2695	0	338	366	884	354	932	749	324	776	362	140
2	0.066696	2697	0	338	364	888	353	932	749	324	775	362	141	387	147	35
1	0.532256	2713	0	339	366	885	354	933	749	319	776	397	137
2	0.066681	2715	0	339	367	890	354	933	750	325	777	393	135	455	126	81
1	0.100141	2718	0	339	367	885	354	933	749	325	776	454	124
2	0.066171	2720	0	340	365	891	354	934	749	326	776	444	125	454	117	17
1	0.066783	2722	0	339	366	889	353	933	749	325	776	460	122
2	0.09964	2725	0	340	364	890	353	934	748	326	775	451	121	505	107	17
1	0.199903	2731	0	340	365	890	353	934	747	326	775	473	117
2	0.0668	2733	0	340	363	884	353	933	747	320	774	482	120	474	122	10
1	0.232474	2737	0	338	362	888	351	932	745	324	772	474	128
1	0.332628	2749	0	337	360	882	348	930	741	323	768	517	134
2	0.066596	2752	0	338	358	887	346	930	740	324	767	514	137	536	138	26
1	0.199963	2758	0	338	359	887	348	930	740	324	767	545	136
2	0.066153	2760	0	337	359	880	348	928	741	318	768	553	136	568	134	19
1	0.199769	2766	0	335	361	884	350	927	744	321	770	566	128
2	0.066624	2768	0	335	362	879	350	927	743	321	770	476	152	357	178	154
1	0.399302	2770	0	335	361	879	350	927	744	321	771	355	176
1	0.067027	2782	0	337	366	887	354	930	748	323	775	379	137
2	0.066122	2784	0	337	366	886	355	929	749	323	776	382	135	372	135	12
2	0.066998	2786	0	336	367	881	356	929	750	322	776	381	141	406	138	29
1	0.099272	2789	0	336	370	881	355	929	749	322	776	387	139
2	0.066584	2791	0	337	365	882	354	930	749	323	775	385	138	408	144	32
1	0.366455	2793	0	336	369	881	354	929	749	322	775	411	139
1	0.565469	2819	0	338	365	883	353	932	748	324	775	435	123
2	0.066552	2821	0	338	363	883	352	932	747	324	774	434	125	461	124	34
1	0.665987	2830	0	339	363	888	352	932	747	319	774	458	122
2	0.066298	2843	0	336	364	880	349	928	743	322	770	448	130	460	126	15
1	0.23281	2850	0	339	363	887	354	931	742	319	770	477	132
2	0.066401	2852	0	339	362	887	349	931	741	320	769	506	130	489	136	23
1	0.233233	2856	0	338	358	886	346	930	739	324	767	491	141
1	0.332304	2868	0	337	365	885	351	928	744	317	771	508	139
2	0.199723	2871	0	338	363	886	352	929	744	320	772	505	140	541	138	45
1	0.133111	2879	0	336	365	885	353	929	746	322	773	538	136
2	0.067879	2881	0	337	365	886	353	930	747	323	774	536	135	550	134	18
1	0.131849	2885	0	337	364	886	353	930	747	323	774	556	132
2	0.099809	2888	0	336	365	880	353	929	748	322	774	564	135	593	130	39
1	0.099799	2891	0	337	366	881	354	929	748	323	775	593	130
2	0.066474	2893	0	336	363	880	352	929	747	322	773	518	151	354	178	212
1	0.266254	2897	0	337	366	882	354	930	748	323	774	359	171
2	0.066804	2903	0	337	363	881	351	930	746	323	773	392	166	386	162	9
1	0.232797	2906	0	337	366	887	352	931	746	323	773	379	163
1	0.132965	2914	0	337	363	887	351	931	746	323	772	389	165
2	0.066963	2916	0	337	361	882	351	931	746	323	772	393	167	438	166	56
1	0.532213	2932	0	338	361	883	350	932	745	324	771	420	167
2	0.066457	2934	0	338	361	884	349	932	744	324	771	404	169	446	161	53
1	0.299688	2942	0	338	362	882	350	930	744	324	771	404	173
2	0.066298	2944	0	338	363	887	351	931	745	324	771	403	177	414	178	13
1	0.067246	2947	0	338	363	882	350	930	743	324	770	407	183
2	0.066147	2948	0	338	362	887	350	930	743	324	770	408	180	385	189	33
1	0.233574	2955	0	338	359	881	349	929	742	324	768	392	193
2	0.099883	2957	0	338	360	881	348	929	741	324	767	396	197	413	196	23
2	0.066438	2960	0	338	359	881	348	929	741	324	768	421	214	412	197	25
1	0.465107	2964	0	339	364	880	350	928	742	325	769	412	198
2	0.066524	2976	0	341	364	889	355	932	743	321	772	427	195	437	191	14
1	0.066554	2978	0	339	364	887	355	931	742	320	771	438	187
2	0.066801	2980	0	340	364	889	355	931	742	320	771	436	184	430	193	11
1	0.29916	2989	0	340	364	890	355	932	744	320	772	438	187
2	0.09983	2992	0	340	364	890	355	932	744	320	772	456	196	468	182	43
1	0.233088	2999	0	340	365	889	356	933	745	320	773	462	181
2	0.066427	3001	0	339	363	887	352	932	745	319	773	456	168	437	184	29
1	0.100046	3004	0	340	366	884	355	932	748	321	776	445	180
2	0.066766	3006	0	340	366	888	355	932	748	320	776	444	177	470	177	34
1	0.066869	3008	0	339	367	889	354	932	746	325	774	466	177
2	0.432054	3010	0	340	367	889	358	933	746	322	774	490	168	453	174	46
2	0.066377	3023	0	341	366	890	357	934	745	321	774	504	172	528	170	31
1	0.86547	3030	0	340	365	889	352	934	745	320	773	526	171
1	0.099452	3052	0	338	360	887	348	930	741	320	768	359	216
2	0.333163	3054	0	338	360	886	347	930	740	324	767	356	217	361	207	13
2	0.066206	3064	0	338	357	887	345	930	738	324	765	372	217	407	223	49
1	0.366154	3066	0	338	360	882	346	930	738	319	765	419	219
1	0.1663	3080	0	337	360	886	346	929	740	320	767	439	200
2	0.066918	3082	0	337	362	886	346	929	741	318	769	444	202	479	200	44
1	0.39921	3085	0	336	363	885	349	929	742	322	770	479	197
1	0.665421	3100	0	339	362	888	351	932	745	325	772	498	176
1	0.266135	3122	0	339	364	888	350	932	743	319	771	555	176
2	0.066747	3124	0	339	363	884	349	932	743	325	770	567	174	596	171	37
1	0.132888	3128	0	338	362	888	348	932	742	320	769	588	175
2	0.100035	3131	0	339	360	889	349	932	742	325	770	513	186	342	221	230
1	0.10007	3134	0	338	360	888	348	932	742	324	769	343	221
2	0.099328	3137	0	339	363	884	349	932	742	325	770	342	213	382	213	19
1	0.166419	3142	0	339	358	889	347	932	741	325	768	370	211
2	0.066807	3144	0	338	361	888	346	931	740	324	767	388	212	405	210	21
1	0.132856	3148	0	337	360	882	346	930	740	323	766	403	217
2	0.099751	3151	0	338	360	884	346	931	739	324	766	403	218	423	217	22
1	0.199844	3157	0	337	359	880	345	929	738	323	764	428	219
2	0.099661	3160	0	337	355	881	344	930	737	323	764	428	220	455	217	28
1	0.133206	3164	0	332	357	881	343	929	735	323	763	453	217
2	0.066457	3166	0	338	357	886	343	930	735	324	763	445	218	467	216	29
1	0.067388	3168	0	337	356	885	343	929	735	323	762	484	216
2	0.09904	3171	0	338	355	885	344	929	736	321	763	492	214	502	215	19
1	0.266527	3179	0	337	360	884	349	928	741	323	768	506	208
2	0.066294	3181	0	337	363	884	348	927	740	318	767	504	211	530	208	33
1	0.233849	3188	0	339	362	886	350	929	742	322	770	530	209
2	0.365138	3190	0	338	363	881	349	929	742	324	769	533	218	531	207	12
1	0.199565	3205	0	338	362	881	350	929	744	324	770	519	206
2	0.067085	3207	0	339	363	882	351	931	745	325	771	530	204	548	201	24
1	0.13255	3211	0	339	362	883	350	931	744	325	771	548	201
2	0.099943	3214	0	340	365	888	351	931	744	326	771	542	198	575	200	31
1	0.16629	3219	0	340	363	888	352	932	745	326	772	573	197
2	0.067003	3221	0	340	363	883	351	932	745	326	771	532	210	359	236	225
1	0.631908	3225	0	340	363	883	351	932	745	326	772	362	226
1	1.03159	3250	0	338	359	881	348	929	741	324	767	551	219
1	0.099836	3274	0	336	368	877	357	925	748	322	775	373	237
2	0.066477	3276	0	337	370	878	356	926	747	323	772	364	241	386	241	29
2	0.066648	3278	0	336	371	877	356	925	748	316	774	375	227	466	217	119
1	0.10038	3281	0	336	369	877	357	925	749	322	776	460	205
2	0.099471	3284	0	335	369	877	358	925	751	321	777	464	185	482	178	18
1	0.13289	3288	0	336	373	877	359	925	751	316	777	481	171
2	0.099806	3291	0	337	373	878	363	926	756	323	782	473	165	489	169	20
1	0.133146	3295	0	341	384	882	370	930	761	323	789	487	159
2	0.067231	3297	0	346	384	886	370	934	768	329	789	482	158	471	157	14
2	0.06576	3299	0	347	381	891	366	935	766	329	786	471	157	500	170	41
1	0.133976	3303	0	345	384	885	370	932	758	328	787	485	178
