2	0.0667	2	0	332	303	908	309	915	724	332	732	192	110	151	106	55
1	0.099585	4	0	332	302	908	308	915	724	332	732	150	104
2	0.399262	7	0	332	302	908	309	915	724	332	732	147	102	174	104	37
1	0.299652	25	0	332	297	908	305	916	709	326	720	178	108
2	0.066481	27	0	331	299	907	307	914	711	326	722	128	109	66	107	84
1	0.266127	35	0	332	300	908	307	915	712	325	732	64	102
2	0.100038	37	0	331	301	907	307	914	712	324	723	64	105	65	93	14
1	0.598863	47	0	336	304	912	311	924	726	329	726	61	91
2	0.099745	59	0	335	302	912	309	919	716	328	737	84	98	100	106	14
1	0.166421	64	0	335	304	912	310	919	727	331	736	109	105
2	0.066596	66	0	335	302	912	311	924	727	335	727	108	111	146	108	50
1	0.233465	73	0	337	305	920	314	921	719	337	729	133	110
2	0.066547	75	0	337	305	920	314	921	719	337	729	140	115	126	105	22
1	0.099253	78	0	337	306	914	312	921	728	337	728	128	105
2	0.066671	80	0	337	304	915	312	922	717	331	727	116	107	102	111	19
1	0.199488	86	0	336	304	913	313	920	718	336	728	100	107
2	0.100166	89	0	337	302	914	312	921	718	337	737	133	109	130	109	133
1	0.066355	91	0	337	305	915	313	922	718	337	728	136	106
2	0.099869	94	0	337	306	922	311	922	728	330	728	141	102	175	106	27
1	0.099642	97	0	337	303	915	310	922	717	337	727	173	107
2	0.100268	99	0	337	304	922	310	922	727	337	727	182	108	198	103	23
2	0.066286	102	0	338	303	917	310	924	717	333	727	195	104	212	107	22
1	0.09982	105	0	338	302	917	310	924	726	333	726	203	104
2	0.066358	107	0	335	301	919	309	921	726	331	726	204	103	228	102	32
1	0.100071	110	0	336	302	914	310	921	715	329	725	223	101
2	0.066842	112	0	335	302	913	309	920	725	329	735	224	98	245	99	29
1	0.099644	115	0	336	301	913	309	920	714	332	724	250	102
2	0.066373	117	0	337	301	914	310	921	724	334	724	253	98	261	100	11
1	0.964943	119	0	337	302	920	309	923	724	334	724	266	99
2	0.067438	148	0	338	301	921	307	924	723	332	724	150	120	128	117	28
1	0.331997	158	0	341	300	925	304	927	723	334	724	123	109
2	0.066571	160	0	339	299	925	305	926	723	335	724	116	99	132	100	22
1	0.266145	168	0	340	299	925	305	927	722	335	723	159	106
2	0.166939	170	0	332	299	926	303	927	722	335	723	168	105	182	113	23
1	0.299246	182	0	341	299	928	303	929	721	334	722	175	105
2	0.066213	184	0	341	299	928	302	929	721	334	722	185	104	206	106	29
1	0.100007	187	0	340	298	926	301	929	721	334	732	211	106
2	0.066633	189	0	340	298	926	301	929	721	334	722	206	106	222	112	22
1	0.166157	194	0	341	299	928	302	930	721	336	724	235	108
2	0.099768	196	0	343	299	929	302	931	722	337	724	237	109	264	110	37
1	0.465883	200	0	341	298	928	302	930	719	335	722	258	111
1	0.23294	218	0	338	292	925	295	928	715	333	718	60	128
2	0.099831	221	0	338	290	926	293	929	713	334	716	60	130	97	130	59
1	0.299444	230	0	338	288	926	292	928	712	334	715	99	129
2	0.066726	232	0	338	288	925	292	929	712	334	715	108	122	147	128	52
1	0.199676	238	0	339	292	925	295	928	716	333	717	148	125
2	0.066411	240	0	339	293	927	297	929	717	334	719	164	126	198	127	48
1	0.099815	243	0	339	294	926	297	928	717	333	718	199	128
2	0.066669	245	0	339	292	925	297	928	717	333	729	188	125	205	127	24
1	0.100064	248	0	340	296	928	299	929	719	336	719	193	122
2	0.066281	250	0	339	294	927	299	929	719	336	719	190	125	209	125	26
1	0.066712	252	0	340	294	927	298	929	716	333	720	198	126
2	0.099586	254	0	339	295	926	299	929	718	333	721	192	121	224	128	44
2	0.066592	257	0	341	299	926	302	928	722	336	723	240	124	221	122	23
1	0.100772	260	0	339	297	925	303	928	722	334	723	226	123
2	0.132113	263	0	339	295	926	303	928	720	332	722	225	120	247	124	15
2	0.067034	266	0	339	294	927	301	928	720	333	721	247	123	219	123	34
1	0.099475	269	0	340	298	927	302	929	720	333	723	228	123
2	0.06667	271	0	338	296	924	302	926	722	331	723	224	125	214	126	14
1	0.099985	274	0	339	295	927	301	928	719	333	721	211	122
2	0.066772	276	0	339	295	926	302	928	721	334	723	211	120	232	122	30
1	0.232365	283	0	339	295	925	303	928	721	332	722	256	126
2	0.067107	285	0	339	296	927	301	935	722	334	722	273	125	290	137	26
1	0.099487	288	0	341	296	928	300	930	721	336	722	280	123
2	0.798739	290	0	341	295	929	301	930	721	335	722	274	123	280	124	9
2	0.0663	314	0	345	291	931	296	935	713	340	717	60	121	63	114	9
1	0.066645	316	0	344	290	931	293	935	711	341	717	62	112
2	0.066373	318	0	344	292	930	300	933	713	341	717	65	106	107	112	57
1	0.266404	326	0	344	289	931	299	935	711	341	716	135	114
2	0.066607	328	0	345	289	931	291	936	709	342	716	151	112	137	112	19
1	0.066313	330	0	345	289	932	297	936	711	342	716	140	112
2	0.067254	332	0	345	288	932	298	936	709	342	716	137	109	168	118	44
1	0.19911	338	0	345	289	933	299	937	711	342	717	167	111
2	0.066489	340	0	345	289	934	299	937	710	342	717	173	118	162	116	15
1	0.299485	342	0	346	288	934	298	937	711	342	714	172	120
2	0.066589	351	0	347	288	935	298	940	710	344	715	220	131	209	123	19
1	0.266127	359	0	345	289	934	299	938	714	343	718	233	127
2	0.100176	362	0	347	290	934	300	937	712	342	718	234	127	255	129	13
2	0.06619	364	0	348	290	935	292	939	712	344	717	257	130	268	124	17
1	0.532893	367	0	344	289	932	292	936	713	339	716	273	129
1	0.165919	385	0	345	287	934	290	937	710	339	714	81	138
2	0.099943	388	0	345	286	936	289	939	711	342	713	93	138	137	140	31
1	0.266359	396	0	346	284	935	287	939	709	342	713	138	140
2	0.066407	398	0	345	284	936	294	939	709	341	714	143	144	140	137	9
1	0.166345	403	0	345	282	934	289	939	707	340	711	154	137
2	0.066494	405	0	345	281	935	291	940	706	342	710	158	139	180	139	31
1	0.565953	408	0	347	279	936	289	937	702	343	708	184	136
1	0.199472	428	0	344	269	936	283	936	696	341	704	178	135
2	0.066643	430	0	345	272	935	282	935	696	341	703	196	133	220	141	33
1	0.366532	432	0	345	269	936	283	936	697	341	704	200	139
1	0.199246	447	0	347	277	937	288	938	701	344	708	237	138
2	0.0664	449	0	346	277	937	288	938	701	343	708	244	140	252	141	11
2	0.432637	451	0	347	269	939	287	943	701	344	708	242	144	270	147	38
2	0.06718	464	0	349	277	941	287	941	702	346	708	244	136	259	136	20
1	0.964381	466	0	350	275	942	280	947	703	347	710	268	135
1	0.665755	495	0	349	269	946	288	944	702	347	702	78	136
1	0.233315	520	0	349	264	944	278	940	695	342	695	115	133
2	0.065831	522	0	347	261	944	279	940	694	343	694	122	135	94	139	39
1	0.100227	525	0	344	261	943	280	939	703	342	695	99	137
2	0.099524	528	0	345	261	944	279	940	694	342	694	101	138	118	139	28
1	0.100107	531	0	345	260	942	278	940	694	342	694	119	139
2	0.066155	533	0	348	265	942	279	940	695	341	695	119	139	133	136	18
1	0.898615	535	0	345	262	943	280	939	704	341	696	136	140
2	0.133054	563	0	352	269	944	287	941	702	345	702	220	133	238	156	10
1	0.332796	574	0	348	267	947	285	943	701	345	701	217	144
2	0.100064	576	0	347	272	942	286	942	702	344	709	214	137	254	146	56
1	1.03129	595	0	353	263	947	281	945	704	346	696	256	146
1	0.066775	609	0	352	268	941	286	941	699	346	699	240	147
2	0.09988	611	0	350	267	947	285	943	699	348	699	242	144	253	144	16
2	0.400113	614	0	354	265	947	283	943	705	347	697	257	146	287	148	41
1	0.065542	626	0	347	266	945	285	941	699	345	699	63	176
2	0.066762	628	0	347	266	941	285	941	699	345	699	60	167	55	195	38
1	0.465626	642	0	354	265	949	283	945	704	347	707	83	161
2	0.066569	644	0	348	264	947	283	944	698	346	698	88	164	86	-29	260
2	0.100039	646	0	354	265	945	283	945	699	347	699	76	-55	73	185	318
2	0.06673	649	0	349	265	950	284	945	699	347	699	75	181	84	-24	272
1	0.099394	652	0	350	268	950	284	946	709	347	709	80	-49
2	0.099931	655	0	353	266	951	284	947	700	349	700	74	-60	105	191	325
1	0.266134	663	0	350	264	949	282	947	699	348	699	117	164
2	0.066512	665	0	351	264	951	283	948	699	348	699	138	192	138	-37	301
1	0.066598	667	0	351	264	951	283	947	699	347	699	140	-44
2	0.066652	669	0	351	264	952	283	948	699	348	699	140	-38	127	180	291
1	0.066458	671	0	350	264	952	283	948	703	341	708	135	181
2	0.066616	673	0	351	265	950	283	948	708	348	700	133	179	146	-45	295
1	0.232829	680	0	350	264	952	282	948	699	348	699	169	-31
2	0.066597	682	0	351	264	952	282	948	707	348	699	179	-35	168	174	280
1	0.49934	684	0	352	263	952	281	949	698	349	698	170	166
1	0.133301	701	0	353	263	952	278	949	703	349	695	159	93
2	0.066163	703	0	351	259	951	277	949	698	348	694	157	92	178	99	30
1	0.099907	706	0	355	259	952	275	949	697	348	693	177	97
2	0.167074	708	0	356	264	951	274	950	698	349	693	179	95	201	99	31
1	0.198916	717	0	354	264	952	272	948	695	347	691	216	100
2	0.066535	719	0	354	264	952	272	948	696	347	692	217	98	224	100	10
1	0.46588	733	0	349	260	952	274	948	701	347	695	225	102
2	0.066564	735	0	352	259	951	277	949	695	347	695	234	101	223	106	18
1	0.133582	739	0	352	261	952	280	948	697	347	697	223	102
2	0.066119	741	0	349	259	952	278	948	696	346	696	225	105	234	106	13
1	0.266261	749	0	349	258	952	277	948	695	345	695	222	108
2	0.066658	751	0	347	257	952	275	948	695	345	703	216	109	235	108	28
1	0.166175	756	0	350	257	952	275	950	695	346	695	237	111
2	0.099979	759	0	349	256	953	274	950	694	346	694	240	111	264	105	22
1	0.199814	765	0	350	258	953	276	951	704	347	696	266	104
2	0.100608	768	0	354	265	954	275	951	703	347	695	261	106	67	-231	502
2	0.065529	770	0	350	258	955	276	951	695	348	695	65	146	70	-217	508
1	0.266363	778	0	350	255	956	271	953	701	347	693	49	126
2	0.133048	781	0	356	257	956	273	953	700	348	693	43	126	77	-203	440
2	0.133292	784	0	351	255	956	271	954	697	349	694	85	-197	65	130	444
2	0.06677	788	0	355	255	957	273	955	697	349	692	80	-200	77	128	440
1	0.132639	792	0	352	254	957	272	954	698	350	693	79	129
2	0.133065	795	0	357	252	957	267	955	696	349	688	78	133	92	-204	455
2	0.09979	798	0	351	248	957	263	955	693	343	687	138	-188	121	133	427
2	0.13308	801	0	356	245	958	260	956	690	348	685	131	-186	115	135	429
2	0.100806	805	0	349	245	957	257	955	687	344	683	141	-184	122	128	420
1	0.431578	809	0	355	246	957	258	956	690	342	684	121	131
1	0.066606	821	0	356	244	963	256	956	686	348	681	131	133
2	0.067097	823	0	357	243	958	258	957	687	349	683	130	133	141	137	15
1	0.099918	826	0	357	244	958	258	956	687	349	683	141	133
2	0.066169	828	0	353	247	958	260	956	690	349	685	140	133	175	138	50
1	0.166156	833	0	358	247	960	262	957	693	350	687	174	136
2	0.066574	835	0	357	249	961	263	959	692	353	687	175	137	211	137	52
1	0.665518	843	0	360	245	962	263	959	691	352	685	202	139
2	0.067056	857	0	354	247	962	264	959	693	352	687	247	139	280	142	46
1	0.332356	863	0	359	247	961	265	959	692	351	686	278	142
2	0.099734	869	0	360	246	962	264	960	691	346	686	55	161	56	-248	541
2	0.067281	872	0	354	246	962	261	959	692	351	685	61	152	69	-238	515
1	0.132999	874	0	354	245	962	261	960	692	351	685	67	-231
2	0.099272	879	0	354	245	968	260	961	692	352	686	65	148	68	154	550
2	0.166389	881	0	362	245	964	262	963	689	354	685	62	155	71	-248	537
2	0.233033	886	0	362	243	968	258	961	689	354	682	55	158	62	-201	488
1	0.199891	896	0	362	243	964	257	963	686	349	681	97	160
2	0.066221	899	0	360	243	962	256	961	686	346	681	146	161	161	-154	419
2	0.066696	901	0	359	242	961	254	960	686	351	680	164	-149	143	163	415
1	0.266247	903	0	354	241	962	254	960	684	352	680	143	161
1	0.732015	920	0	357	240	962	256	960	686	352	679	173	159
1	0.066427	933	0	361	243	963	255	961	685	353	681	172	165
2	0.066489	935	0	361	243	963	257	961	687	353	682	176	166	213	168	52
1	0.166362	940	0	362	244	965	257	962	689	354	684	206	169
2	0.233224	942	0	362	244	965	257	964	687	349	684	211	172	204	170	10
1	0.232684	954	0	362	242	965	256	963	687	348	683	221	173
2	0.066553	956	0	360	243	963	257	961	688	352	682	217	171	241	173	32
1	0.133182	960	0	357	241	963	255	962	688	352	681	245	172
2	0.46667	962	0	360	243	964	256	962	689	352	683	241	168	224	167	25
1	0.19944	979	0	363	236	967	248	959	680	355	677	268	165
2	0.065988	982	0	363	236	972	248	965	682	349	677	265	166	283	168	25
1	0.133313	985	0	363	235	967	248	965	679	349	676	286	168
2	0.100294	989	0	365	236	969	257	967	680	351	676	276	169	64	-191	518
2	0.099013	992	0	363	233	967	255	959	676	355	674	70	-167	65	-176	497
1	0.133255	995	0	365	233	976	244	961	676	351	673	65	-172
2	0.100032	999	0	364	232	967	246	967	675	351	673	67	-179	66	-187	487
2	0.066374	1001	0	365	231	975	252	961	674	352	671	94	-166	94	175	460
2	0.066561	1003	0	365	232	969	253	961	675	352	673	92	180	106	-151	446
2	0.133085	1005	0	366	233	975	254	962	676	353	675	89	178	106	-149	446
2	0.066548	1009	0	366	233	975	254	969	676	353	675	161	-121	141	187	411
1	0.066653	1011	0	367	235	976	256	971	678	354	677	148	179
2	0.100229	1014	0	366	235	976	256	962	678	354	675	147	186	187	-90	381
2	0.066091	1016	0	365	236	974	257	969	683	352	677	197	-96	196	-12	108
2	0.066394	1018	0	366	236	973	257	968	679	356	677	196	-11	197	-101	120
2	0.099953	1020	0	366	237	970	258	962	680	353	679	198	-104	167	180	383
1	0.199777	1027	0	367	237	972	258	964	681	355	679	207	185
2	0.066378	1029	0	367	237	977	258	971	681	354	679	202	184	225	188	34
1	0.099842	1032	0	368	238	978	259	971	680	355	679	233	185
2	0.066482	1034	0	367	236	971	257	971	680	359	678	224	184	251	180	39
1	0.166774	1039	0	368	236	972	257	964	679	355	677	266	183
2	0.066435	1041	0	366	236	975	257	963	681	354	678	265	178	282	181	26
1	0.133803	1044	0	367	236	977	257	971	680	354	677	282	183
2	0.132269	1048	0	367	238	977	254	970	681	357	679	206	194	55	202	500
2	0.066668	1051	0	367	236	972	257	964	679	357	677	53	191	64	-141	449
1	0.099998	1053	0	367	236	977	250	964	680	354	677	63	-149
2	0.099405	1057	0	367	237	975	258	971	681	354	677	62	-155	60	-156	474
1	0.099987	1060	0	365	237	970	253	969	680	352	678	54	193
2	0.133891	1063	0	366	235	976	249	970	679	353	677	56	195	127	-126	440
2	0.065743	1066	0	367	235	975	256	971	679	353	677	101	190	127	-126	432
1	0.099905	1068	0	366	235	976	256	963	679	353	677	139	-124
2	0.133273	1072	0	367	235	970	256	962	679	354	677	148	-109	149	-122	425
2	0.066505	1075	0	365	236	968	257	960	678	352	676	150	-120	151	-75	56
2	0.066229	1077	0	364	235	968	256	967	679	351	675	185	-94	166	192	373
1	0.066704	1079	0	364	234	967	255	967	678	354	675	170	193
2	0.232856	1081	0	365	234	970	255	960	677	353	675	175	192	162	190	21
1	0.10063	1089	0	365	232	968	253	960	674	352	671	214	195
2	0.065832	1091	0	366	233	974	254	960	675	355	673	234	195	210	191	37
1	0.133152	1095	0	365	233	968	254	967	675	351	673	235	195
2	0.066469	1097	0	364	232	968	246	960	676	351	671	244	200	271	196	39
1	1.99661	1105	0	362	232	972	245	965	678	354	673	267	196
1	0.099844	1160	0	370	219	982	249	970	673	357	671	189	127
2	0.067484	1162	0	370	217	981	247	977	672	358	671	192	127	210	130	25
1	0.266183	1164	0	370	217	981	247	977	671	358	669	211	127
1	0.299104	1174	0	370	215	980	245	969	669	358	667	239	122
1	0.133105	1181	0	370	214	979	244	968	668	360	667	237	118
2	0.465311	1184	0	368	213	977	243	966	666	356	664	245	116	231	119	23
1	0.399342	1208	0	370	213	982	243	977	667	360	667	231	127
2	0.632313	1211	0	371	214	983	243	971	668	359	667	239	126	198	122	44
2	0.999097	1229	0	372	209	984	240	973	665	362	663	255	137	268	136	17
2	0.06579	1259	0	374	206	989	232	978	659	365	649	83	242	83	231	15
1	0.166251	1264	0	374	206	988	232	977	670	362	659	88	227
2	0.099851	1267	0	373	207	987	231	977	658	364	648	86	237	105	232	14
1	0.133117	1271	0	372	206	986	231	975	663	362	647	116	236
2	0.066707	1273	0	375	210	987	231	976	658	363	657	112	227	160	238	72
1	0.166433	1278	0	374	209	986	230	975	657	362	657	146	229
2	0.066399	1280	0	371	206	985	232	974	667	361	647	150	231	175	231	35
1	0.266446	1288	0	373	206	986	231	975	662	362	657	184	230
2	0.066315	1290	0	372	207	986	233	974	659	363	659	200	224	202	233	13
1	0.266159	1298	0	372	207	984	236	981	661	361	661	211	234
2	0.066837	1300	0	373	207	985	236	974	662	361	661	216	230	250	234	50
1	0.400021	1312	0	372	209	984	234	973	664	359	659	261	232
2	0.365272	1314	0	372	208	986	234	983	661	361	651	275	237	287	239	17
1	0.100559	1326	0	373	207	988	233	977	660	361	659	68	248
2	0.066836	1328	0	373	208	988	233	977	660	361	650	78	253	88	258	15
2	0.066052	1330	0	372	207	987	233	983	671	360	659	88	251	86	264	20
1	0.065983	1332	0	373	207	988	233	977	660	361	650	87	255
2	0.066536	1334	0	372	211	988	232	976	659	360	658	86	245	75	249	18
1	0.099869	1337	0	372	211	988	232	983	659	361	657	76	252
2	0.0663	1339	0	371	210	987	231	975	658	358	657	75	247	96	244	30
1	0.133241	1343	0	373	206	989	232	985	659	361	649	96	252
2	0.100239	1346	0	374	210	989	231	978	658	362	648	105	256	120	253	54
1	0.199427	1352	0	373	208	988	229	977	656	361	655	122	251
2	0.066456	1354	0	372	207	987	228	976	655	362	655	118	243	163	240	66
1	0.166223	1359	0	371	207	985	228	974	655	360	645	145	249
2	0.100041	1362	0	370	207	985	228	974	655	359	653	142	244	167	242	23
1	0.166527	1367	0	371	207	985	228	981	654	361	644	165	247
2	0.066301	1369	0	371	207	985	228	973	654	358	653	160	238	171	234	15
1	0.099857	1372	0	370	196	983	226	979	652	358	651	163	243
2	0.06666	1374	0	368	193	983	223	970	650	354	648	165	242	195	245	43
1	0.365959	1385	0	369	197	984	227	972	655	355	653	193	243
2	0.499347	1387	0	368	197	983	226	971	654	355	653	207	246	224	242	25
1	0.066411	1402	0	370	207	986	228	981	656	358	655	253	232
2	0.100486	1405	0	371	209	987	230	975	657	358	657	255	231	277	234	31
1	0.132332	1409	0	370	208	986	229	974	657	358	656	278	236
2	0.066721	1411	0	370	209	986	230	974	657	358	656	282	236	276	236	9
2	0.066377	1413	0	369	208	986	229	981	656	357	655	276	238	289	239	17
1	0.267237	1417	0	370	207	987	228	983	656	358	656	288	240
1	0.29867	1430	0	371	196	987	226	983	655	358	653	72	277
2	0.066242	1432	0	370	196	987	226	983	654	362	644	62	271	82	257	35
1	0.133431	1436	0	371	192	988	222	976	651	357	649	95	257
2	0.56549	1438	0	371	191	988	220	977	650	357	649	96	258	141	264	65
2	0.06662	1455	0	368	189	984	218	979	647	355	639	156	250	180	250	35
1	0.266986	1463	0	368	189	983	218	979	646	355	640	179	255
2	0.065672	1465	0	367	190	983	219	971	648	354	647	182	249	191	249	12
1	0.299966	1474	0	369	191	984	221	973	649	356	647	187	247
2	0.099692	1477	0	368	194	982	224	978	652	354	651	186	250	208	256	17
1	0.133064	1481	0	369	195	985	225	973	653	355	651	222	257
2	0.099623	1484	0	370	194	985	224	973	663	356	651	234	255	232	254	22
1	0.133799	1488	0	368	195	984	225	973	653	355	652	232	257
2	0.067361	1490	0	370	193	986	223	975	652	356	651	227	255	251	254	32
1	0.098197	1493	0	369	193	987	223	975	652	356	651	247	253
2	0.099985	1495	0	370	192	987	222	983	651	357	651	243	255	253	255	15
1	0.49905	1502	0	369	194	986	224	975	653	356	651	268	252
2	0.066848	1513	0	371	193	989	223	985	652	358	651	73	286	64	273	22
1	0.066503	1515	0	372	192	989	222	979	651	359	651	71	277
2	0.066263	1517	0	372	192	989	221	979	651	358	651	84	276	128	278	65
1	0.066787	1519	0	374	191	991	221	980	651	363	641	113	279
2	0.066933	1521	0	372	191	990	221	979	657	359	651	114	271	109	279	12
1	0.199044	1527	0	372	192	991	220	980	652	359	651	107	275
2	0.066942	1529	0	374	192	991	222	980	652	360	642	106	282	126	283	29
1	0.066411	1531	0	375	193	992	222	981	652	364	642	126	277
2	0.066332	1533	0	376	192	992	219	989	656	365	640	124	276	147	281	35
1	0.2005	1539	0	376	192	992	219	982	650	364	640	151	276
2	0.065777	1541	0	374	191	991	219	981	649	364	639	151	277	169	274	25
1	0.232891	1548	0	373	190	989	218	978	648	363	638	171	277
2	0.066831	1550	0	372	189	988	216	978	646	360	635	167	274	200	276	46
1	0.299215	1559	0	371	185	987	213	983	644	363	634	213	279
2	0.066625	1561	0	369	186	986	214	976	644	361	634	219	272	229	270	15
1	0.266176	1569	0	372	188	989	216	978	646	362	636	226	270
2	0.066583	1571	0	370	188	987	217	976	656	362	636	229	267	261	274	45
1	0.100579	1574	0	371	188	987	216	977	656	361	636	259	271
2	0.065824	1576	0	371	188	987	217	983	647	359	639	250	269	254	275	9
2	0.066511	1578	0	372	189	989	218	978	648	359	648	252	266	272	269	27
1	0.232868	1585	0	373	194	988	224	977	653	360	643	277	271
2	0.133327	1588	0	372	197	988	227	983	656	359	655	260	270	61	297	147
2	0.598693	1591	0	372	196	988	226	976	655	359	648	59	308	66	300	15
1	0.266757	1615	0	373	195	990	225	978	665	360	653	133	284
2	0.099974	1618	0	372	193	989	223	978	652	361	642	145	283	143	282	32
1	0.299	1627	0	373	194	990	224	978	653	365	653	140	276
2	0.066687	1629	0	373	196	989	226	978	655	359	653	143	278	159	277	23
1	0.166136	1634	0	371	195	988	225	976	654	359	654	164	277
2	0.101272	1637	0	369	194	985	225	981	653	356	651	163	280	207	281	64
1	0.164945	1642	0	371	195	986	224	975	653	357	651	209	277
2	0.066635	1644	0	371	194	986	223	975	651	361	641	211	280	231	277	27
1	0.232803	1651	0	372	195	985	225	981	652	359	651	226	275
2	0.066869	1653	0	372	194	985	223	974	650	364	640	230	276	222	276	13
1	0.132916	1657	0	373	193	986	222	975	649	359	649	220	274
2	0.066489	1659	0	371	194	983	223	972	649	357	647	224	277	207	279	24
1	0.100499	1662	0	371	193	985	222	973	649	361	639	208	281
2	0.06585	1664	0	369	193	984	222	973	650	357	650	212	278	252	279	59
1	0.099808	1667	0	370	193	985	222	974	650	357	649	247	277
2	0.099953	1670	0	369	194	985	223	974	651	357	651	246	274	269	274	29
1	0.332675	1680	0	369	194	985	223	974	652	361	642	270	278
2	0.066567	1682	0	370	193	987	222	976	656	357	651	269	277	279	276	14
1	0.565705	1690	0	370	194	986	224	975	653	362	643	279	281
1	0.565764	1707	0	370	194	987	223	977	653	357	651	74	309
1	0.199627	1722	0	368	191	987	220	983	650	355	649	123	297
2	0.066722	1724	0	370	189	989	218	978	649	357	649	141	294	167	298	38
1	0.266149	1732	0	369	186	987	215	983	658	357	636	166	299
2	0.066413	1734	0	368	188	986	217	976	648	355	648	146	289	134	294	18
1	0.499262	1738	0	369	187	986	215	975	646	356	639	152	296
1	0.432574	1762	0	367	182	986	210	976	642	354	631	198	289
2	0.066465	1763	0	367	182	986	211	976	643	355	632	195	290	219	291	34
1	0.166544	1768	0	367	182	987	211	976	643	353	643	225	294
2	0.100061	1771	0	367	182	986	211	975	643	354	632	224	298	255	302	42
1	0.166401	1776	0	365	183	985	213	975	645	351	643	252	296
2	0.066311	1778	0	366	183	986	212	975	644	352	644	251	293	258	291	10
2	0.066403	1780	0	366	184	986	213	975	645	352	643	264	295	280	294	21
1	0.399634	1792	0	366	183	986	212	975	645	352	644	278	292
2	0.36581	1794	0	366	183	986	213	976	645	352	644	278	292	284	294	9
1	0.332629	1813	0	366	181	987	211	976	652	351	643	79	315
2	0.066925	1815	0	367	181	988	211	978	643	352	643	92	309	74	310	26
1	0.132851	1819	0	365	180	986	209	983	642	352	631	76	325
2	0.100469	1822	0	365	179	986	209	976	642	351	639	75	316	116	320	13
1	0.33212	1832	0	362	179	982	209	979	642	354	639	112	314
2	0.299791	1834	0	362	180	983	210	972	643	347	641	110	316	88	319	34
2	0.099551	1844	0	363	179	983	209	971	640	355	639	84	311	92	300	15
1	0.29948	1853	0	362	181	982	211	970	643	354	641	93	301
2	0.066585	1855	0	361	180	982	212	971	643	354	642	158	301	243	294	124
1	0.166373	1860	0	359	178	980	210	969	643	351	641	247	292
2	0.066432	1862	0	357	179	978	211	967	643	342	641	246	286	228	300	32
1	0.166465	1867	0	350	191	978	213	965	645	342	642	229	283
2	0.099783	1870	0	348	191	976	204	971	647	339	643	232	285	258	286	44
1	0.133465	1874	0	344	192	967	205	967	650	341	644	260	284
2	0.066311	1876	0	343	192	966	206	965	650	339	643	259	283	286	282	38
1	0.73201	1881	0	341	192	963	207	955	649	337	643	282	282
1	0.39938	1900	0	332	193	954	211	953	646	326	654	361	-26
1	0.066531	1912	0	331	194	952	203	951	647	324	654	419	-33
2	0.067135	1914	0	332	193	958	212	951	646	326	654	408	-38	415	-40	10
2	0.08068	1917	0	329	195	949	214	947	647	322	654	417	-40	438	-33	31
1	0.251665	1924	0	328	191	949	201	945	643	321	652	432	-25
2	0.066576	1926	0	328	191	948	211	945	644	328	650	430	-35	473	-30	59
1	0.066263	1928	0	327	190	948	200	944	642	327	648	474	-22
2	0.066777	1930	0	327	190	947	199	945	642	321	648	475	-25	496	-22	29
1	0.199501	1936	0	328	190	948	208	945	641	322	650	491	-29
2	0.100131	1939	0	327	191	947	201	943	643	327	648	493	-26	518	-20	38
1	0.365789	1950	0	322	197	944	199	940	642	322	648	518	-16
2	0.066687	1952	0	316	199	943	200	939	643	314	648	522	-11	550	-9	38
1	0.432677	1965	0	316	203	939	205	937	649	320	652	552	-12
2	0.066274	1967	0	319	202	941	204	936	647	319	652	468	-3	338	5	184
1	0.599058	1974	0	317	202	942	204	939	647	313	653	346	0
1	0.199813	1991	0	315	193	944	213	941	647	315	652	368	-8
2	0.199442	1993	0	314	191	944	211	939	647	321	652	368	-6	384	-7	23
1	0.099991	2000	0	314	201	944	203	939	647	321	652	389	-3
2	0.066435	2002	0	315	190	944	201	940	645	321	651	386	0	409	0	32
1	0.299409	2011	0	312	190	942	201	938	645	319	650	409	0
2	0.100126	2014	0	320	198	943	200	939	644	320	648	405	-4	390	-4	12
1	0.099638	2017	0	315	187	943	197	939	643	313	648	388	0
2	0.066481	2019	0	315	196	943	207	939	643	312	648	390	-9	414	-8	34
1	0.133081	2023	0	313	195	941	197	939	641	312	648	416	-1
2	0.066734	2025	0	319	196	938	206	938	641	319	647	413	-8	432	-8	25
1	0.432548	2029	0	312	186	937	204	937	640	311	646	442	-7
1	0.199641	2044	0	311	196	938	206	936	643	317	646	485	-12
2	0.066561	2046	0	311	197	936	207	936	644	316	648	487	-12	504	-11	23
1	0.133091	2050	0	310	186	940	197	936	643	317	647	498	-3
2	0.066527	2052	0	310	197	940	200	935	645	316	649	501	-4	516	-5	21
1	0.132998	2056	0	311	194	941	197	937	642	316	645	525	-4
2	0.066605	2058	0	310	194	938	197	936	643	315	646	524	-5	551	-1	39
1	0.26616	2066	0	308	194	939	197	934	644	313	645	555	-6
2	0.066584	2068	0	310	195	935	199	935	645	314	646	552	-8	365	19	269
1	0.133082	2072	0	309	197	934	201	934	645	313	648	348	14
2	0.066837	2074	0	309	196	934	200	934	645	313	647	347	11	354	3	14
1	0.499613	2078	0	312	193	942	197	938	641	318	645	346	4
1	0.165836	2094	0	312	190	943	193	939	640	317	643	385	2
2	0.099684	2096	0	309	188	941	191	938	639	315	640	383	4	393	0	15
2	0.066687	2099	0	309	188	942	191	937	639	314	641	385	2	415	7	42
1	0.19975	2105	0	310	187	940	191	936	637	314	640	413	7
2	0.100452	2108	0	307	188	938	191	934	638	312	641	433	6	451	0	33
1	0.099098	2111	0	309	188	938	193	935	639	313	641	453	-1
2	0.10026	2114	0	306	188	936	191	933	637	311	641	455	-1	492	-1	31
1	0.16589	2119	0	306	175	936	187	933	633	311	637	485	3
2	0.066458	2121	0	306	173	937	187	932	633	309	645	488	4	517	7	40
1	0.100224	2124	0	306	183	935	186	932	633	309	636	521	5
2	0.06654	2126	0	305	173	930	186	930	633	308	641	522	1	455	25	101
1	0.399067	2128	0	304	183	930	187	930	633	309	635	461	21
1	0.066693	2140	0	302	183	928	187	928	635	305	636	503	18
2	0.066389	2142	0	301	183	928	187	928	635	305	636	507	16	527	22	30
1	0.099905	2145	0	302	185	929	189	929	637	306	644	521	23
2	0.066417	2147	0	302	176	929	191	934	638	306	639	522	21	552	22	42
1	0.399223	2154	0	303	187	930	192	930	639	306	640	553	17
1	0.1673	2164	0	304	184	931	189	931	637	307	638	341	28
2	0.066887	2166	0	304	186	937	189	938	638	308	639	342	25	355	27	19
1	0.098904	2169	0	303	184	935	188	932	637	307	638	365	28
2	0.099604	2172	0	305	184	937	187	934	635	309	638	366	25	348	28	16
1	0.100305	2175	0	306	185	934	188	934	637	309	639	352	25
2	0.099589	2178	0	305	184	933	188	933	637	309	638	351	22	380	26	37
1	0.166443	2183	0	305	184	937	188	934	635	309	638	375	24
2	0.099525	2186	0	304	183	935	187	932	635	307	637	377	20	387	24	9
1	0.166353	2191	0	305	181	938	185	934	633	308	643	381	24
2	0.066784	2193	0	306	181	939	185	935	633	310	646	380	24	387	23	11
1	0.066426	2195	0	305	182	937	186	934	634	309	636	400	22
2	0.100575	2198	0	305	181	938	185	934	634	308	635	394	26	433	25	49
1	0.532183	2214	0	304	178	931	183	931	629	307	632	435	23
2	0.066818	2216	0	302	178	934	181	930	629	306	631	431	21	463	23	47
1	0.331906	2226	0	299	176	929	181	931	629	302	630	464	23
2	0.067165	2228	0	300	177	927	181	927	629	303	630	466	23	490	24	34
1	0.066037	2230	0	299	177	927	181	927	629	303	630	490	23
2	0.099871	2233	0	299	176	929	181	931	629	301	641	493	24	521	24	37
1	0.133778	2237	0	299	179	927	183	927	632	301	633	526	24
2	0.066136	2239	0	299	179	927	183	927	632	302	633	524	24	537	25	20
1	0.132795	2243	0	299	179	928	184	932	633	302	644	535	25
2	0.066493	2245	0	300	179	928	185	928	633	302	634	528	24	513	28	22
1	0.099914	2248	0	299	178	927	183	927	631	301	636	509	24
2	0.099989	2251	0	299	180	928	185	933	633	302	645	509	23	562	29	59
1	0.299412	2260	0	300	182	928	187	932	626	302	637	560	27
2	0.066643	2262	0	299	183	927	188	932	635	301	646	464	36	324	52	202
1	0.43235	2266	0	301	185	928	191	932	637	304	639	329	42
2	0.06694	2277	0	302	185	929	190	929	637	305	638	341	38	377	42	52
1	0.099511	2280	0	302	185	930	190	930	640	305	639	377	42
2	0.765208	2282	0	301	183	929	188	929	636	305	638	377	42	360	38	25
1	0.366217	2314	0	299	177	931	181	927	629	303	635	385	25
2	0.067138	2316	0	299	177	930	181	927	626	303	630	387	21	396	23	12
1	0.099247	2319	0	298	177	928	181	926	629	303	635	398	24
2	0.099774	2322	0	298	177	932	181	927	629	302	631	402	21	422	25	30
1	0.166558	2327	0	299	179	927	183	927	631	303	633	421	25
2	0.066334	2329	0	298	169	927	183	927	621	303	632	413	30	432	31	26
1	0.067448	2331	0	298	179	926	184	931	622	301	633	431	31
2	0.066038	2333	0	298	179	926	184	926	633	301	643	431	27	465	27	47
1	0.066163	2335	0	297	178	925	183	925	621	299	632	465	29
2	0.066789	2337	0	299	180	926	185	930	633	301	634	466	25	459	27	9
2	0.066415	2339	0	299	182	926	188	930	636	302	636	461	26	484	26	33
1	0.133719	2343	0	295	182	922	187	927	635	297	644	480	29
2	0.065949	2345	0	297	180	925	186	925	635	299	642	475	28	505	30	44
1	0.133231	2349	0	296	180	924	185	929	623	303	634	498	29
2	0.067037	2351	0	297	180	926	185	930	635	299	635	499	27	522	32	33
1	0.431864	2363	0	295	181	923	188	923	637	297	646	527	25
2	0.099986	2365	0	287	182	922	189	926	626	295	646	524	25	554	28	41
1	0.931596	2375	0	293	180	922	187	926	625	295	645	552	29
2	0.066576	2396	0	287	176	922	182	926	620	295	631	364	43	405	45	58
1	0.200154	2402	0	290	174	920	181	923	619	293	640	400	42
2	0.066554	2404	0	291	174	920	181	923	619	292	640	400	41	413	44	21
1	0.365998	2406	0	291	173	919	180	924	628	292	639	424	44
1	0.066253	2417	0	292	174	922	179	926	629	295	629	457	35
2	0.066438	2419	0	292	175	922	181	926	629	295	630	457	38	492	43	50
1	0.465857	2422	0	290	173	920	179	920	619	292	630	490	51
1	0.200484	2438	0	290	174	921	180	926	631	293	642	541	41
2	0.066111	2441	0	290	176	921	181	921	633	292	633	542	38	548	44	10
1	0.267178	2449	0	291	177	921	182	921	621	293	632	550	42
2	0.16511	2451	0	291	174	922	181	922	620	293	631	505	49	335	68	249
2	0.067547	2456	0	292	175	923	181	923	631	294	632	348	57	340	61	15
1	0.165393	2461	0	292	175	924	180	924	631	295	641	339	56
2	0.067001	2463	0	292	175	927	180	924	631	294	632	343	56	370	62	39
1	0.165824	2468	0	294	175	925	179	925	620	296	631	371	60
2	0.066579	2470	0	293	173	927	177	925	629	296	630	374	58	388	59	20
1	0.133971	2474	0	293	171	929	175	926	627	297	639	380	61
2	0.132664	2477	0	293	171	930	175	927	627	297	628	384	64	408	63	32
1	0.631943	2486	0	291	170	928	173	924	625	294	626	411	62
2	0.067046	2499	0	290	154	927	168	923	617	293	621	435	62	450	65	22
1	0.166068	2504	0	291	167	926	171	923	624	294	623	453	62
2	0.066688	2506	0	290	167	927	171	922	623	293	624	452	64	462	64	15
1	0.398932	2518	0	287	170	920	176	925	617	290	628	468	64
2	0.099888	2520	0	290	172	921	178	921	619	291	630	473	64	484	64	16
2	0.06654	2523	0	280	174	917	171	917	620	293	640	486	69	506	69	27
1	0.299613	2532	0	279	175	917	184	921	635	287	643	518	60
2	0.066326	2534	0	279	175	916	174	920	623	287	643	518	66	535	70	24
1	0.066981	2536	0	279	174	917	183	921	622	292	639	531	63
2	0.06709	2538	0	279	172	917	182	922	621	286	641	531	63	561	67	43
1	0.165459	2543	0	280	175	917	183	922	622	287	642	555	64
2	0.066513	2545	0	280	174	918	181	923	621	289	640	503	77	328	91	250
1	0.199818	2548	0	287	172	919	180	924	631	289	641	337	83
1	0.067198	2553	0	280	172	919	180	923	620	289	640	334	76
2	0.23239	2555	0	281	172	920	179	924	619	289	639	333	76	372	81	59
1	0.199792	2566	0	288	169	922	177	926	618	291	638	394	79
2	0.067174	2568	0	282	169	921	177	926	629	291	638	400	72	435	78	50
1	0.198716	2574	0	286	168	919	175	924	616	294	637	429	79
2	0.066613	2576	0	285	169	918	175	923	627	293	636	442	77	483	78	59
1	0.432519	2589	0	278	165	915	173	916	625	285	633	485	78
2	0.066526	2591	0	278	165	915	173	917	621	285	632	480	79	512	81	44
1	0.26622	2599	0	277	165	915	173	919	625	284	631	530	81
2	0.066485	2601	0	283	166	916	174	921	614	291	634	529	83	557	87	38
1	0.100101	2604	0	278	166	917	173	921	614	291	634	555	86
2	0.099708	2607	0	278	165	916	173	921	614	285	633	546	90	331	95	276
1	0.099795	2610	0	278	167	916	173	921	614	285	633	331	95
2	0.100589	2612	0	277	164	915	172	920	613	283	633	331	90	327	95	10
2	0.065891	2615	0	281	165	918	173	923	625	293	634	332	91	340	88	12
1	0.399783	2627	0	279	163	919	170	923	623	292	632	340	93
2	0.066333	2629	0	279	163	919	170	919	612	292	632	339	91	358	105	33
1	0.465534	2632	0	279	162	919	171	919	613	286	633	355	109
1	0.299532	2652	0	278	162	919	170	924	621	287	632	386	105
2	0.066849	2654	0	277	162	918	170	923	612	291	632	395	101	381	102	19
1	0.132892	2658	0	284	161	919	169	919	611	286	632	378	100
2	0.066402	2660	0	284	161	919	168	919	622	286	631	379	99	410	103	42
1	0.166375	2665	0	278	162	918	169	918	611	286	631	408	101
2	0.066588	2667	0	278	161	918	168	922	610	292	630	402	103	414	105	16
1	0.133204	2671	0	279	163	917	171	922	611	286	631	424	104
2	0.067151	2673	0	278	164	916	171	921	612	285	632	425	105	454	107	42
1	0.365373	2684	0	280	162	916	169	921	609	286	630	467	104
2	0.066656	2686	0	279	163	916	170	920	610	286	630	475	101	518	107	61
1	0.266582	2694	0	278	162	916	169	920	610	285	630	517	107
2	0.066024	2696	0	280	164	918	171	923	612	287	632	521	107	533	110	17
1	0.133135	2700	0	278	164	916	171	920	611	285	626	532	110
2	0.066633	2702	0	279	163	917	171	922	612	292	632	536	110	554	112	26
1	0.133058	2706	0	278	163	917	170	922	612	285	631	555	111
2	0.099831	2709	0	277	163	917	171	922	612	285	632	555	113	330	130	239
1	0.365985	2720	0	274	161	915	169	915	611	283	631	336	126
2	0.133325	2724	0	276	162	916	159	920	623	283	631	338	130	360	131	29
1	0.100093	2727	0	276	163	916	170	921	612	283	632	352	128
2	0.06632	2729	0	276	163	916	170	921	612	289	632	352	125	385	131	47
1	0.233105	2736	0	274	161	915	159	915	612	281	631	389	130
2	0.099633	2738	0	274	161	915	169	915	623	287	630	389	119	412	121	33
2	0.066518	2741	0	274	160	916	167	920	610	287	630	411	125	451	131	57
1	0.066422	2743	0	274	159	916	167	916	619	281	630	455	128
2	0.066653	2745	0	274	159	916	156	920	610	287	630	462	137	471	135	12
1	0.199641	2751	0	276	157	918	166	922	621	282	628	471	127
2	0.066526	2753	0	275	158	917	167	923	621	288	629	478	127	487	127	13
1	0.233058	2760	0	274	159	916	165	921	608	288	627	486	127
2	0.066613	2762	0	274	157	916	165	921	608	281	627	485	126	494	125	12
1	0.166715	2767	0	273	152	915	149	915	603	286	623	503	132
2	0.066028	2769	0	272	151	914	148	920	603	285	622	501	132	520	132	26
1	0.399284	2781	0	270	150	911	157	916	600	283	618	518	128
2	0.09984	2784	0	270	148	911	156	916	599	283	618	514	129	549	129	41
1	0.266349	2792	0	271	150	912	159	916	602	277	621	550	128
2	0.099723	2795	0	270	151	912	160	916	604	282	622	549	121	338	148	166
1	0.332673	2805	0	269	156	911	152	914	606	280	622	341	145
2	0.199765	2807	0	269	151	912	151	916	604	281	623	339	145	358	141	28
1	0.333494	2818	0	269	154	912	153	916	605	281	623	353	137
1	0.065798	2823	0	270	151	914	149	918	604	277	624	356	139
2	0.066518	2825	0	269	150	912	149	917	604	281	622	349	141	395	144	66
1	0.233072	2832	0	269	149	913	149	917	604	281	622	395	144
2	0.099687	2834	0	270	148	914	148	919	603	282	621	393	143	414	142	31
2	0.066512	2837	0	269	150	912	149	917	603	281	622	414	141	441	142	39
1	0.332896	2847	0	269	147	912	147	916	602	280	620	449	142
2	0.06659	2849	0	270	145	913	146	918	601	281	618	446	143	468	145	32
1	0.266226	2857	0	270	147	914	145	918	601	283	620	472	145
2	0.066527	2859	0	269	151	912	149	916	603	281	621	464	139	456	139	13
1	0.133227	2863	0	269	147	911	147	915	601	280	619	454	140
2	0.067037	2865	0	269	146	912	155	916	607	281	618	453	131	541	141	127
1	0.132996	2869	0	270	146	912	155	917	599	282	618	532	142
2	0.432148	2871	0	269	147	911	146	916	599	281	618	533	144	542	146	12
1	0.066538	2884	0	270	145	912	154	917	598	283	617	551	127
2	0.066408	2886	0	270	148	913	155	917	611	283	618	538	126	349	150	278
1	0.432604	2889	0	270	148	913	155	917	611	283	618	342	148
1	0.099969	2902	0	270	146	913	146	918	600	283	619	354	145
2	0.099696	2904	0	272	150	914	159	919	602	285	622	352	141	386	142	49
2	0.066634	2907	0	270	148	913	148	919	601	283	620	390	147	383	149	11
1	0.066435	2909	0	268	149	912	157	917	612	281	622	390	141
2	0.066714	2911	0	272	152	913	159	919	603	283	622	381	146	386	139	14
2	0.066434	2913	0	271	151	914	159	918	604	284	624	380	141	415	144	49
1	0.299432	2922	0	271	154	914	152	918	605	285	625	415	144
2	0.066656	2924	0	270	153	913	161	918	604	283	624	419	140	448	143	41
1	0.099994	2927	0	269	150	912	159	912	602	281	622	451	144
2	0.100014	2930	0	270	150	913	158	918	603	282	622	450	144	470	146	29
1	0.199335	2936	0	270	150	913	158	913	602	283	622	469	145
2	0.066556	2938	0	269	149	913	148	913	603	282	622	471	146	492	150	30
1	0.133675	2942	0	269	148	913	156	913	601	282	620	489	146
2	0.099199	2944	0	270	149	913	156	913	613	282	621	496	139	513	142	32
1	0.233037	2951	0	270	148	914	155	918	600	283	620	509	145
2	0.40051	2953	0	270	147	913	155	913	600	283	619	510	141	522	143	17
1	0.065337	2965	0	270	150	912	155	918	599	283	619	540	136
2	0.099738	2968	0	269	147	912	154	916	598	282	617	540	136	554	142	20
1	0.200571	2974	0	270	147	913	154	919	598	283	618	552	142
2	0.065643	2976	0	268	147	911	145	915	599	281	618	486	159	344	168	211
1	0.366057	2981	0	268	149	911	158	916	602	281	621	344	160
2	0.06744	2989	0	267	151	910	157	915	602	279	621	345	159	358	158	17
1	0.198733	2995	0	268	149	912	157	917	601	281	621	356	157
2	0.066572	2997	0	268	148	912	156	916	601	281	620	355	157	374	161	27
1	0.166343	3002	0	268	149	912	157	917	602	281	621	377	158
2	0.099967	3005	0	268	147	911	146	916	602	279	620	384	160	404	163	33
1	0.132979	3009	0	266	146	910	155	915	601	278	620	399	159
2	0.099885	3012	0	268	147	912	155	917	600	280	620	399	160	436	158	52
1	0.233043	3019	0	268	148	912	147	917	613	275	621	440	159
2	0.099813	3021	0	269	149	912	148	917	603	281	621	436	162	464	164	41
2	0.066641	3024	0	269	147	912	156	912	601	275	620	460	162	492	162	45
1	0.266108	3032	0	269	145	913	143	917	599	280	618	490	168
2	0.066437	3034	0	269	146	914	144	919	600	281	619	492	165	504	163	17
1	0.333034	3044	0	268	144	912	153	917	599	273	618	511	162
2	0.066305	3046	0	266	143	910	143	915	597	277	617	510	165	541	170	44
1	0.133486	3050	0	266	142	910	141	915	596	278	615	541	171
2	0.066481	3052	0	266	141	910	140	915	596	277	615	540	170	556	177	23
1	0.16618	3057	0	265	142	909	151	914	596	277	616	555	169
2	0.066503	3059	0	267	142	910	140	915	594	279	613	555	173	379	183	245
1	0.133259	3063	0	266	140	910	149	914	595	278	613	340	180
2	0.099599	3066	0	266	140	910	139	915	594	277	614	344	181	332	186	11
1	0.133271	3070	0	265	140	909	139	914	603	277	614	335	183
2	0.099632	3073	0	266	141	910	139	915	595	278	614	331	183	370	187	57
1	0.100031	3076	0	266	141	910	150	915	596	277	615	368	182
2	0.066486	3078	0	267	141	911	139	916	595	279	613	374	187	407	187	48
1	0.166353	3083	0	266	142	911	151	915	596	277	616	405	179
2	0.066953	3085	0	264	141	909	140	915	596	276	615	411	182	421	185	16
1	0.100934	3088	0	266	143	911	142	916	598	278	616	432	185
2	0.098252	3090	0	265	141	910	141	914	598	276	616	432	185	438	182	10
2	0.10017	3093	0	265	141	910	150	916	596	276	616	432	183	446	185	19
2	0.066339	3096	0	266	141	911	151	916	596	277	616	458	185	478	189	28
1	0.133171	3100	0	266	140	911	139	916	596	277	615	479	192
2	0.066467	3102	0	265	141	911	140	916	597	277	616	479	189	497	190	27
1	0.133014	3106	0	265	141	911	141	916	597	277	616	497	188
2	0.099884	3108	0	265	140	911	139	917	597	276	615	503	188	496	186	9
2	0.066562	3111	0	264	138	910	137	915	595	275	613	497	189	484	190	18
1	0.100156	3114	0	265	140	912	148	916	596	276	615	482	185
2	0.066137	3116	0	266	139	913	148	917	596	277	615	482	185	538	190	81
1	0.23391	3123	0	266	139	913	138	918	596	277	615	537	192
2	0.065852	3125	0	266	138	913	137	918	595	277	614	541	191	548	190	10
1	0.132949	3129	0	267	139	913	148	919	595	278	613	547	183
2	0.067093	3131	0	266	138	912	147	916	593	277	613	546	182	529	182	23
1	0.066177	3133	0	266	137	912	146	916	593	277	612	531	183
2	0.399218	3135	0	266	135	911	134	917	592	276	611	446	200	335	203	163
1	0.532436	3149	0	264	136	908	135	912	591	275	611	371	199
1	0.067165	3163	0	265	132	911	141	917	588	277	607	407	182
2	0.065781	3165	0	265	134	911	143	916	591	276	610	405	182	426	185	29
1	0.13316	3169	0	266	138	909	136	913	592	276	611	429	189
2	0.10043	3172	0	269	140	912	140	917	594	280	612	429	188	465	195	38
1	0.23288	3179	0	268	140	912	149	916	595	279	613	463	191
2	0.066077	3181	0	267	140	911	149	917	607	278	613	466	189	473	189	9
1	0.133121	3185	0	266	137	912	135	917	594	276	612	478	199
2	0.067288	3187	0	267	137	913	136	918	594	278	613	479	197	500	202	31
1	0.066171	3189	0	267	140	911	138	911	595	278	613	504	202
2	0.066377	3191	0	266	139	911	140	917	595	277	615	503	200	520	200	27
1	0.366412	3202	0	267	134	913	133	918	591	277	610	523	201
2	0.06618	3204	0	267	133	914	133	918	590	278	609	523	198	500	192	34
1	0.332718	3214	0	266	135	912	143	912	591	276	610	500	189
2	0.066668	3216	0	265	133	913	133	919	590	276	609	498	193	526	196	42
1	0.232657	3223	0	263	130	911	129	911	588	275	607	529	196
2	0.10038	3226	0	262	130	911	139	917	588	274	607	525	190	544	194	35
1	0.232961	3233	0	262	132	909	132	914	590	274	607	548	196
2	0.232289	3235	0	261	131	908	131	912	587	273	606	445	203	331	211	168
1	0.167119	3245	0	261	130	906	130	911	587	272	605	332	203
2	0.065801	3247	0	261	141	905	131	911	588	271	606	333	201	349	203	24
1	0.134265	3251	0	261	130	906	130	911	587	272	605	346	205
2	0.198822	3254	0	261	129	907	129	912	599	272	605	352	200	362	201	11
1	0.09955	3260	0	263	143	908	143	912	590	273	608	361	197
2	0.066659	3262	0	261	133	908	133	912	591	273	608	361	202	386	206	38
1	0.299407	3271	0	260	141	907	132	911	589	270	607	389	204
2	0.066551	3273	0	260	141	907	133	911	591	270	607	392	204	407	204	22
1	0.066572	3275	0	251	139	906	130	910	589	268	605	412	205
2	0.066839	3277	0	252	138	907	129	911	589	268	605	410	204	432	206	31
1	0.066305	3279	0	260	128	908	130	913	588	270	606	427	209
2	0.09999	3281	0	260	128	909	129	913	587	271	605	441	207	427	206	20
2	0.066331	3284	0	259	128	907	129	912	587	270	604	437	207	428	205	11
1	0.099844	3287	0	260	128	909	127	913	587	270	603	430	205
2	0.133425	3291	0	261	137	908	128	913	588	270	605	433	203	455	204	24
1	0.13284	3295	0	259	127	907	129	911	588	269	605	453	207
2	0.066566	3297	0	259	137	906	129	911	588	268	604	456	204	482	207	38
1	0.499099	3312	0	251	136	907	127	911	588	274	604	481	204
2	0.432581	3314	0	259	135	908	126	912	585	268	602	482	206	498	205	22
1	0.066827	3327	0	258	122	907	123	911	583	268	599	520	195
2	0.066202	3329	0	258	133	906	124	910	584	268	600	523	196	539	201	24
1	0.299804	3338	0	253	133	906	123	909	582	270	599	549	203
2	0.232692	3340	0	263	125	908	125	911	581	274	600	536	208	333	224	298
1	0.20024	3350	0	260	139	905	131	910	588	269	604	340	219
2	0.09932	3354	0	251	139	904	131	908	589	267	604	350	220	366	215	29
1	0.133104	3358	0	249	126	904	129	908	587	273	602	361	217
2	0.067058	3360	0	251	137	904	129	907	588	273	603	364	214	377	211	18
1	0.232432	3367	0	252	135	906	128	910	586	275	601	377	210
2	0.266623	3369	0	251	137	905	129	909	589	274	604	377	205	366	217	21
1	0.365663	3386	0	251	134	906	126	910	586	274	601	364	228
2	0.066467	3388	0	251	133	906	126	911	586	273	601	361	229	344	241	31
1	0.499092	3403	0	252	117	909	118	912	579	275	596	351	245
2	0.10027	3405	0	259	127	909	119	913	581	269	596	369	236	361	235	10
2	0.199573	3408	0	246	119	903	122	906	582	263	597	366	235	359	235	9
1	0.066361	3414	0	241	127	898	121	900	574	263	604	344	245
2	1.06482	3416	0	240	127	897	121	898	574	262	596	345	247	352	247	10
1	0.632298	3465	0	250	151	901	145	904	595	272	617	369	213
2	0.099674	3467	0	255	157	903	150	913	606	278	621	373	218	381	176	59
2	0.499127	3470	0	261	160	911	154	912	610	284	623	385	171	379	175	9
1	0.099973	3486	0	274	173	914	167	922	610	283	632	364	207
2	0.066935	3488	0	276	175	917	169	923	612	285	634	365	204	363	212	11
1	0.265709	3496	0	275	179	915	173	915	623	285	637	362	213
2	0.066576	3498	0	275	180	914	175	921	625	284	638	362	222	356	235	19
