1	0.100362	3
2	0.099573	5
1	0.165902	10
2	0.066568	12
1	0.066649	14
2	0.066617	16
1	0.266324	24
2	0.100352	26
2	0.09946	30
1	0.698439	40
1	0.09989	54
2	0.066516	56
1	0.132985	60
2	0.066674	62
1	0.133167	66
2	0.066768	68
1	0.199476	74
2	0.067409	76
1	0.099048	79
2	0.066559	81
1	0.099693	84
2	0.066515	86
2	0.067775	88
1	0.165403	93
2	0.066281	95
1	0.066548	97
2	0.066624	99
1	0.166597	104
2	0.100046	107
1	0.199409	113
2	0.066354	115
1	0.100184	118
2	0.066159	120
1	0.166506	125
2	0.100071	127
2	0.066152	130
1	0.100036	133
2	0.066439	135
1	0.06651	137
2	0.099834	140
1	0.166309	145
2	0.06668	147
1	0.134321	151
2	0.099009	154
1	0.165809	159
2	0.066715	161
1	0.200176	167
2	0.066005	169
1	0.266355	177
2	0.066503	179
1	0.133115	183
2	0.066505	185
1	0.5331	192
1	0.132837	204
2	0.099756	207
2	0.101017	211
1	0.131588	215
2	0.06676	217
1	0.132757	221
2	0.099853	224
1	0.266341	232
2	0.066545	234
1	0.066495	236
2	0.066677	238
1	0.09979	241
2	0.066785	243
1	0.199433	249
2	0.100009	251
2	0.066258	254
1	0.199669	260
2	0.067391	262
1	0.099003	265
2	0.099894	268
1	0.166276	273
2	0.066859	275
1	0.099508	278
2	0.066603	280
1	0.066558	282
2	0.366394	284
1	0.232786	300
2	0.066431	302
1	0.199694	308
2	0.066516	310
1	0.16707	315
2	0.06607	317
1	0.099905	320
2	0.066486	322
1	0.133599	326
2	0.066055	328
1	0.232709	335
2	0.066516	337
1	0.465837	341
1	0.19976	357
2	0.066397	359
1	0.066758	361
2	0.099707	364
1	0.166744	369
2	0.066267	371
1	0.232942	378
2	0.066456	380
1	0.166544	385
2	0.099698	388
1	0.133614	392
2	0.066717	394
1	0.106791	397
2	0.391802	400
1	0.166249	414
2	0.066865	416
1	0.066326	418
2	0.066437	420
1	0.199677	426
2	0.066638	428
1	0.266935	436
2	0.065838	438
1	0.066954	440
2	0.066495	442
1	0.165953	447
2	0.066582	449
1	0.067029	451
2	0.099638	454
1	0.132884	458
2	0.066566	460
1	0.133074	464
2	0.066727	466
1	0.166219	471
2	0.066546	473
1	0.066482	475
2	0.39929	477
1	0.233422	494
2	0.099761	496
2	0.066292	499
1	0.099912	502
2	0.066574	504
1	0.133314	508
2	0.099557	511
1	0.26639	519
2	0.066239	521
1	0.099958	524
2	0.0664	526
1	0.53243	533
1	0.166858	547
2	0.099531	550
1	0.19958	556
2	0.066973	558
1	0.132553	562
2	0.068124	564
1	0.06522	566
2	0.099994	569
1	0.166104	574
2	0.066481	576
1	0.099951	579
2	0.39912	581
2	0.066989	592
1	0.132935	596
2	0.066482	598
1	0.100481	601
2	0.099451	604
1	0.099485	607
2	0.133053	611
1	0.499198	626
2	0.0666	628
1	0.099872	631
2	0.099818	634
1	0.099982	637
2	0.099514	640
1	0.166385	645
2	0.066901	647
1	0.166722	652
2	0.066133	654
1	0.099639	657
2	0.099925	660
1	0.133091	664
2	0.099941	667
1	0.099877	670
2	0.099657	673
1	0.266301	681
2	0.066567	683
1	0.166485	688
2	0.066359	690
1	0.432963	693
1	0.133037	707
2	0.099433	710
1	0.233023	717
2	0.100057	719
2	0.067485	722
1	0.131866	726
2	0.066533	728
1	0.100122	731
2	0.066771	733
1	0.099802	736
2	0.066102	738
1	0.100295	741
2	0.068439	743
1	0.097436	746
2	0.099882	749
1	0.100014	752
2	0.066459	754
1	0.16627	759
2	0.099813	762
1	0.266256	770
2	0.066823	772
1	0.066278	774
2	0.066564	776
1	0.333457	786
2	0.099543	789
1	0.232644	796
2	0.066365	798
1	0.133617	802
2	0.066046	804
1	0.099939	807
2	0.06661	809
1	0.366014	811
1	0.102313	823
2	0.063996	825
1	0.066738	827
2	0.067184	829
1	0.066074	831
2	0.066153	833
2	0.066762	835
2	0.066444	837
1	0.066529	839
2	0.066833	841
2	0.066402	843
1	0.199553	849
2	0.06743	851
1	0.098848	854
2	0.066862	856
1	0.765264	870
1	0.299376	888
2	0.066691	890
1	0.166191	895
2	0.073697	897
1	0.093532	900
2	0.098958	903
1	0.100418	906
2	0.366037	908
2	0.067207	919
1	0.099159	922
2	0.066199	924
1	0.134675	928
2	0.065179	930
1	0.132772	934
2	0.066577	936
1	0.099879	939
2	0.0671	941
1	0.09947	944
2	0.099739	947
1	0.166229	952
2	0.066561	954
1	0.067997	956
2	0.065165	958
1	0.067261	960
2	0.065675	962
1	0.133181	966
2	0.099985	969
1	0.132968	973
2	0.066568	975
1	0.466888	979
2	0.065432	991
1	0.199894	997
2	0.066693	999
1	0.100089	1002
2	0.066653	1004
1	0.166316	1009
2	0.065966	1011
1	0.066544	1013
2	0.066652	1015
1	0.100128	1018
2	0.133046	1021
2	0.066373	1024
1	0.200056	1030
2	0.132642	1033
2	0.099714	1037
1	0.732275	1041
1	0.366246	1061
1	0.199527	1076
2	0.066465	1078
1	0.066483	1080
2	0.066539	1082
1	0.19973	1088
2	0.0667	1090
1	0.233779	1097
2	0.09873	1100
1	0.099961	1103
2	0.066387	1105
1	0.233367	1112
2	0.066323	1114
1	0.200978	1120
2	0.464509	1123
2	0.066473	1136
1	0.099771	1139
2	0.099966	1142
1	0.099689	1145
2	0.066646	1147
2	0.066601	1149
1	0.332896	1151
1	0.365756	1161
1	0.200565	1176
2	0.065817	1177
1	0.099786	1180
2	0.099769	1182
1	0.39933	1186
1	0.266293	1203
2	0.100118	1206
1	0.166299	1211
2	0.066278	1213
1	0.366025	1224
2	0.066622	1226
1	0.199679	1232
2	0.066685	1234
1	0.200401	1240
2	0.065636	1242
1	0.299506	1251
2	0.066593	1253
1	0.432451	1257
1	0.232981	1273
2	0.067709	1275
1	0.098636	1278
2	0.49913	1281
1	0.10002	1296
2	0.066393	1298
1	0.233312	1305
2	0.066342	1307
1	0.465892	1321
2	0.066465	1323
1	0.099707	1326
2	0.0666	1328
1	0.09995	1331
2	0.066537	1333
1	0.100234	1336
2	0.066044	1338
1	0.399382	1340
1	0.266391	1358
2	0.066348	1360
1	0.167145	1365
2	0.066069	1367
1	0.132845	1371
2	0.067308	1373
1	0.099095	1376
2	0.066514	1378
1	0.532425	1385
2	0.066457	1396
1	0.100344	1399
2	0.099518	1401
1	0.43369	1406
1	0.132285	1419
2	0.466595	1421
1	0.298514	1440
2	0.066759	1444
2	0.066237	1446
2	0.099829	1448
2	0.099842	1452
1	0.09992	1455
2	0.066542	1457
1	0.199616	1463
2	0.100005	1466
1	0.332599	1476
2	0.09975	1478
2	0.066863	1481
1	0.099785	1484
2	0.099547	1487
1	0.233048	1494
2	0.066587	1496
1	0.066406	1498
2	0.099929	1501
1	0.100769	1504
2	0.065445	1506
1	0.266266	1514
2	0.099823	1517
1	0.133166	1521
2	0.066732	1523
1	0.099631	1526
2	0.100661	1529
1	0.166058	1534
2	0.06617	1536
1	0.099789	1539
2	0.066835	1541
1	0.135047	1545
2	0.064624	1547
1	0.432168	1550
2	0.06664	1562
1	0.100043	1565
2	0.066278	1567
1	0.100239	1570
2	0.099487	1573
1	0.133126	1577
2	0.100039	1580
1	0.266639	1588
2	0.06594	1590
1	0.266566	1598
2	0.099506	1601
1	0.100327	1604
2	0.066073	1606
1	0.067127	1608
2	0.065833	1610
1	0.332959	1620
2	0.100427	1623
1	0.13236	1627
2	0.066512	1629
1	0.266326	1637
2	0.066635	1639
1	0.199655	1645
2	0.066328	1647
1	0.066637	1649
2	0.066571	1651
1	0.199617	1657
2	0.066682	1659
1	0.09979	1662
2	0.066512	1664
1	0.099877	1667
2	0.095514	1669
1	0.066605	1671
2	0.06663	1673
1	0.133009	1677
2	0.066659	1679
1	0.066349	1681
2	0.067306	1683
1	0.53217	1689
1	0.16661	1704
2	0.066438	1706
1	0.09939	1709
2	0.066419	1711
1	0.101437	1714
2	0.09832	1717
1	0.066487	1719
2	0.066652	1721
1	0.066488	1723
2	0.066555	1725
1	0.100134	1728
2	0.066302	1730
1	0.066518	1732
2	0.099724	1735
1	0.233087	1742
2	0.067333	1744
1	0.065723	1746
2	0.067267	1748
1	0.065789	1750
2	0.066602	1752
1	0.36628	1754
1	0.333519	1773
2	0.065669	1775
1	0.066365	1777
2	0.100106	1779
2	0.099679	1783
1	0.099851	1786
2	0.099733	1789
1	0.233265	1796
2	0.067192	1798
1	0.198885	1804
2	0.066347	1806
1	0.099912	1809
2	0.066583	1811
1	0.099847	1814
2	0.066508	1816
1	0.066624	1818
2	0.066465	1820
1	0.100625	1823
2	0.065709	1825
1	0.299448	1827
1	0.133409	1838
2	0.066532	1840
1	0.432259	1844
1	0.266287	1861
2	0.066559	1863
1	0.099911	1866
2	0.066666	1868
1	0.266462	1876
2	0.066026	1878
1	0.066713	1880
2	0.099954	1883
1	0.0997	1886
2	0.299637	1888
1	0.100418	1898
2	0.065845	1900
1	0.066799	1902
2	0.066436	1904
1	0.066444	1906
2	0.066477	1908
1	0.100796	1911
2	0.098753	1914
1	0.100084	1917
2	0.066289	1919
1	0.100215	1922
2	0.066232	1924
1	0.466171	1928
1	0.132914	1942
2	0.099826	1944
1	0.66584	1955
1	0.266053	1973
2	0.066214	1975
1	0.100004	1978
2	0.09981	1980
1	0.4991	1986
1	0.266234	2004
2	0.066565	2006
1	0.099866	2009
2	0.100001	2012
1	0.099698	2015
2	0.099675	2018
1	0.166525	2023
2	0.099753	2026
1	0.133088	2030
2	0.066875	2032
1	0.099547	2035
2	0.066681	2037
1	0.29937	2046
2	0.066643	2048
1	0.099994	2051
2	0.066345	2053
1	0.332632	2056
1	0.332866	2073
2	0.100442	2076
1	0.232369	2083
2	0.066473	2085
1	0.09994	2088
2	0.066851	2090
2	0.066336	2092
1	0.199439	2098
2	0.099907	2101
1	0.133636	2105
2	0.26582	2107
1	0.066412	2115
2	0.099811	2117
2	1.46415	2120
1	0.133093	2165
2	0.066762	2168
1	0.066425	2170
2	0.066841	2172
1	0.06612	2174
2	0.066935	2176
1	0.233835	2183
2	0.065488	2184
1	0.099649	2187
2	0.100094	2190
1	0.266121	2198
2	0.099784	2201
1	0.133529	2205
2	0.066167	2207
1	0.100248	2210
2	0.065953	2212
1	0.100053	2215
2	0.066365	2217
1	0.267097	2225
2	0.065936	2227
1	0.099876	2230
2	0.09971	2233
1	0.199802	2239
2	0.731849	2241
1	0.399392	2264
1	0.266092	2281
2	0.066697	2283
1	0.232677	2290
2	0.066686	2292
1	0.266157	2300
2	0.066577	2302
1	0.133121	2306
2	0.099769	2309
1	0.166517	2314
2	0.066847	2316
1	0.166017	2321
2	0.066518	2323
1	0.066761	2325
2	0.066845	2327
1	0.099424	2330
2	0.100248	2333
1	0.565213	2350
2	0.067293	2352
1	0.232173	2359
2	0.066595	2361
1	1.46434	2364
2	0.099585	2408
1	0.133547	2412
2	0.066716	2414
1	0.332379	2424
2	0.066757	2426
1	0.066295	2428
2	0.06652	2430
1	0.233224	2437
2	0.099409	2440
1	0.100028	2443
2	0.06637	2445
2	0.066545	2447
1	0.299697	2456
2	0.066334	2458
1	0.099934	2461
2	0.066548	2463
1	0.299599	2472
2	0.066667	2474
1	0.066842	2476
2	0.066056	2478
1	0.100512	2481
2	0.065832	2483
1	0.199766	2489
2	0.066807	2491
1	0.665211	2496
1	0.233055	2518
2	0.100452	2521
1	0.198995	2527
2	0.0666	2529
1	0.200055	2535
2	0.066437	2537
1	0.06603	2539
2	0.06679	2541
1	0.232969	2548
2	0.066655	2550
1	0.166274	2555
2	0.066449	2557
1	0.100584	2560
2	0.066116	2562
1	0.132875	2566
2	0.133062	2569
2	0.06643	2572
1	0.199688	2578
2	0.099755	2581
1	0.099905	2584
2	0.066586	2586
1	0.299515	2588
1	0.133061	2598
2	0.39942	2601
1	0.199655	2617
2	0.066476	2619
2	0.099747	2621
1	0.465986	2628
1	0.166242	2641
2	0.332938	2643
1	0.133121	2655
2	0.598935	2657
1	0.366034	2684
2	0.066893	2686
1	0.132941	2690
2	0.066422	2692
1	0.166875	2697
2	0.067	2699
1	0.132084	2703
2	0.066566	2705
1	0.09982	2708
2	0.066512	2710
1	0.133887	2714
2	0.066006	2716
1	0.099709	2719
2	0.066599	2721
1	0.099777	2724
2	0.066784	2726
1	0.099637	2729
2	0.066559	2731
1	0.099833	2734
2	0.066412	2736
1	0.366142	2739
1	0.432588	2750
1	0.199882	2766
2	0.066821	2768
1	0.066028	2769
2	0.06656	2771
1	0.267043	2780
2	0.065808	2781
1	0.066566	2783
2	0.066415	2785
1	0.066637	2787
2	0.066638	2789
1	0.199427	2795
2	0.066681	2797
1	0.100029	2800
2	0.066524	2802
1	0.099596	2805
2	0.066692	2807
1	0.066352	2809
2	0.066642	2811
1	0.099999	2814
2	0.066373	2816
1	0.199602	2822
2	0.099921	2825
1	0.199916	2831
2	0.099469	2834
1	0.100482	2837
2	0.066071	2839
1	0.365866	2850
2	0.067322	2852
1	0.16638	2857
2	0.065927	2859
1	0.166234	2864
2	0.066682	2866
1	0.066849	2868
2	0.066268	2870
1	0.099741	2873
2	0.06667	2875
1	0.099757	2878
2	0.09996	2881
1	0.0997	2884
2	0.06748	2886
1	0.065915	2888
2	0.066204	2890
1	0.565821	2897
1	0.233371	2914
2	0.066082	2916
1	0.266221	2924
2	0.066678	2926
1	0.099874	2929
2	0.099929	2932
1	0.166036	2937
2	0.100035	2940
1	0.166247	2945
2	0.099982	2948
1	0.166307	2953
2	0.066861	2955
1	0.132795	2959
2	0.898713	2961
1	0.099443	2989
2	0.066747	2991
1	0.299355	3000
2	0.066656	3002
1	0.133632	3006
2	0.065875	3008
1	0.199738	3014
2	0.066619	3016
1	0.133033	3020
2	0.066526	3022
1	0.166655	3027
2	0.066461	3029
1	0.23354	3036
2	0.099059	3039
1	0.099991	3042
2	0.066402	3044
1	0.099936	3047
2	0.066447	3049
1	0.199778	3055
2	0.099761	3058
1	0.09982	3061
2	0.066629	3063
1	0.100062	3066
2	0.066279	3068
1	0.133104	3072
2	0.066472	3074
1	0.099825	3077
2	0.965617	3079
1	0.099293	3109
2	0.067355	3111
1	0.099484	3114
2	0.066203	3116
1	0.099716	3119
2	0.066606	3121
1	0.133046	3125
2	0.067141	3127
1	0.099847	3130
2	0.06595	3132
1	0.099932	3135
2	0.066526	3137
1	0.100157	3140
2	0.066425	3142
1	0.066267	3144
2	0.066625	3146
1	0.100463	3149
2	0.066375	3151
1	0.365508	3153
2	0.099782	3165
1	0.133252	3169
2	0.066529	3171
1	0.06668	3173
2	0.066498	3175
1	0.066327	3177
2	0.066539	3179
1	0.099971	3182
2	0.066579	3184
1	0.332726	3194
2	0.066431	3196
1	0.100101	3199
2	0.06628	3201
1	0.099885	3204
2	0.099846	3207
1	0.166447	3212
2	0.067113	3214
1	0.199264	3220
2	0.06645	3222
1	0.100239	3225
2	0.066014	3227
1	0.167039	3232
2	0.066124	3234
1	0.232831	3241
2	0.066487	3243
1	0.06645	3245
2	0.066675	3247
1	0.765312	3254
1	0.266539	3278
2	0.066253	3280
1	0.299823	3289
2	0.066313	3291
1	0.299371	3300
2	0.066575	3302
1	0.332772	3312
2	0.066708	3314
1	0.132971	3318
2	0.066593	3320
1	0.100513	3323
2	0.065865	3325
1	0.066497	3327
2	0.066506	3329
1	0.232879	3336
2	0.066754	3338
1	0.599021	3341
1	0.29939	3364
2	0.067164	3366
1	0.498652	3371
1	0.265981	3389
2	0.066895	3391
1	0.199648	3397
2	0.066281	3399
1	0.332857	3409
2	0.067561	3411
1	0.464861	3416
1	0.133206	3429
2	0.066363	3431
2	0.066545	3433
1	0.199589	3439
2	0.067045	3441
1	0.19935	3447
2	0.066727	3449
1	0.299158	3458
2	0.100328	3461
1	0.432181	3465
2	0.067284	3476
1	0.398736	3479
2	0.066673	3490
1	0.099649	3493
2	0.100055	3495
2	0.066234	3498
1	0.099903	3501
2	0.099898	3504
1	0.16708	3509
2	0.06578	3511
1	0.06651	3513
2	0.067083	3515
1	0.232398	3522
2	0.06723	3524
1	0.132446	3528
2	0.066813	3530
1	0.099561	3533
2	0.09997	3536
1	0.199445	3542
2	0.06685	3544
1	0.099547	3547
2	0.299488	3549
1	0.333198	3559
1	0.365747	3568
1	0.266209	3585
2	0.066527	3587
1	0.13334	3591
2	0.099826	3593
2	0.066394	3596
1	0.100571	3599
2	0.098966	3602
1	0.166498	3607
2	0.565716	3609
1	0.332744	3634
2	0.099792	3636
2	0.100846	3640
1	0.099168	3643
2	0.066219	3645
1	0.099799	3648
2	0.099769	3651
1	0.166484	3656
2	0.067271	3658
1	0.132656	3662
2	0.066619	3664
1	0.19966	3670
2	0.066081	3672
1	0.399824	3675
2	0.06607	3686
1	0.133285	3690
2	0.066505	3692
1	0.066542	3694
2	0.099752	3697
1	0.200019	3703
2	0.066643	3705
1	0.199206	3711
2	0.100205	3713
2	0.066373	3716
2	0.066354	3718
1	0.167248	3723
2	0.099131	3726
1	0.167073	3731
2	0.099416	3734
1	0.06605	3736
2	0.066774	3738
1	0.265984	3746
2	0.099894	3749
1	0.099921	3752
2	0.066479	3754
1	0.100043	3757
2	0.066439	3759
1	0.898446	3765
1	0.266241	3794
2	0.066497	3796
1	0.132998	3800
2	0.066679	3802
1	0.133038	3806
2	0.099922	3808
1	0.39931	3812
1	0.333015	3824
1	0.699262	3833
1	0.165554	3857
2	0.099969	3859
2	0.067185	3862
1	0.13314	3866
2	0.065787	3868
1	0.099847	3871
2	0.067176	3873
1	0.099322	3876
2	0.066898	3878
1	0.132831	3882
2	0.066341	3884
1	0.798791	3890
1	0.133911	3912
2	0.065581	3914
1	0.100029	3917
2	0.066327	3919
1	0.100022	3922
2	0.066909	3924
1	0.099368	3927
2	0.066545	3929
1	0.299626	3931
1	0.266074	3945
2	0.066613	3947
1	0.099791	3950
2	0.066814	3952
1	0.332892	3962
2	0.066087	3964
1	0.199714	3969
2	0.099928	3973
2	0.100078	3976
2	0.066242	3978
1	0.066874	3980
2	0.066283	3982
1	0.099797	3985
2	0.1997	3987
1	0.099832	3994
2	0.066862	3996
1	0.099356	3999
2	0.066643	4001
2	0.133492	4003
2	0.066248	4007
2	0.199902	4009
1	0.099568	4016
2	0.066518	4018
1	0.166444	4023
2	0.066586	4025
1	0.66565	4029
1	0.432409	4058
2	0.066582	4060
1	0.532729	4063
1	0.132825	4080
2	0.06659	4082