2	0.89855	2	0	306	265	736	262	777	556	329	601	184	128	226	132	43
2	0.066512	28	0	306	264	735	261	776	556	329	600	28	135	40	131	14
1	0.06694	30	0	306	265	736	261	777	555	329	600	29	129
2	0.099353	33	0	305	267	735	260	776	555	328	599	32	132	50	133	12
1	0.233154	40	0	305	261	734	258	776	553	328	598	49	141
2	0.066684	42	0	305	265	735	258	777	552	328	598	54	134	93	138	43
1	0.233362	49	0	307	261	736	258	778	552	330	598	89	139
2	0.065811	51	0	306	259	736	257	777	551	330	595	92	138	108	140	17
1	0.333137	61	0	307	260	736	257	777	551	330	597	123	140
2	0.099622	64	0	307	259	737	256	778	550	331	596	119	139	174	140	47
1	0.167066	69	0	306	259	736	256	777	550	330	595	173	140
2	0.098997	71	0	305	260	735	256	776	550	328	589	172	144	180	137	12
1	0.434677	78	0	300	263	734	256	775	551	327	594	167	133
1	0.730624	89	0	299	259	734	252	776	547	326	589	222	133
1	0.298964	116	0	299	249	736	247	777	543	327	583	44	141
2	0.068561	118	0	299	249	736	247	777	543	327	588	41	146	54	137	16
1	0.097971	121	0	300	251	736	247	777	543	327	588	46	140
2	0.06639	123	0	305	249	736	246	777	542	328	581	42	146	84	152	45
1	0.699033	129	0	304	250	736	247	777	543	327	583	81	149
1	0.39926	149	0	309	254	738	251	780	546	332	585	61	141
1	0.632014	175	0	314	255	744	253	785	550	334	586	107	139
2	0.066666	177	0	315	255	748	249	786	549	334	585	122	139	147	138	26
1	0.266278	185	0	313	254	744	254	785	545	336	584	153	136
2	0.099628	188	0	314	251	748	247	786	549	332	583	157	144	174	145	14
1	0.167057	193	0	312	249	746	246	784	543	331	582	168	152
2	0.066827	195	0	312	250	746	245	785	548	335	581	173	149	210	126	42
1	1.03065	202	0	312	249	744	245	783	542	335	581	196	151
1	0.133306	230	0	314	247	748	243	787	545	337	579	49	168
2	0.067165	232	0	314	246	748	241	787	544	337	578	54	162	38	170	18
2	0.066077	234	0	313	245	748	241	786	542	337	578	29	181	42	172	17
1	0.066346	236	0	315	246	749	241	788	544	333	578	51	166
2	0.099745	239	0	316	246	749	242	789	543	336	579	42	165	86	158	18
1	0.399385	251	0	318	246	751	241	791	544	338	579	87	153
2	0.066581	253	0	318	247	752	247	791	543	338	579	90	150	121	161	38
1	0.499115	268	0	317	243	751	239	790	542	336	577	130	161
2	0.099958	271	0	316	243	750	239	789	540	335	576	132	159	163	165	36
1	0.266245	279	0	315	242	751	239	789	540	334	575	164	156
2	0.199413	281	0	316	242	751	239	789	539	335	575	166	148	187	151	22
1	0.099844	288	0	316	240	751	240	790	538	335	573	180	160
2	0.099895	291	0	315	239	751	239	789	536	334	572	197	154	193	168	21
1	0.266292	299	0	317	237	752	232	791	536	336	571	208	163
2	0.099765	301	0	315	238	751	238	789	535	336	572	218	158	209	165	11
2	0.066639	304	0	316	238	752	238	791	537	337	572	212	161	236	153	24
1	0.100099	307	0	317	236	752	230	791	534	337	570	237	162
2	0.066551	309	0	316	236	751	230	790	534	336	570	248	163	257	169	11
1	0.099528	312	0	317	236	752	233	791	533	337	570	252	167
2	0.099723	314	0	317	236	752	230	791	534	338	570	246	170	255	161	14
2	0.067862	317	0	319	235	754	235	793	532	339	569	244	162	47	178	212
1	0.165107	322	0	318	235	753	233	791	533	337	569	33	174
2	0.099921	325	0	318	234	753	234	792	532	337	568	38	170	35	171	19
1	0.199676	331	0	318	235	753	235	791	533	338	569	63	173
2	0.099787	333	0	317	235	752	235	790	533	337	569	67	182	87	166	26
2	0.066462	336	0	318	229	754	233	792	533	339	568	75	180	67	189	12
1	0.066689	338	0	319	235	754	235	793	533	339	569	76	173
2	0.066455	340	0	318	235	752	235	791	532	338	568	82	178	104	180	25
1	0.299562	349	0	320	238	754	238	792	535	340	571	103	173
2	0.066487	351	0	321	239	755	239	794	536	341	572	96	169	82	176	16
1	0.133109	355	0	322	240	755	240	791	537	343	573	81	174
2	0.066931	357	0	322	241	754	241	793	538	342	573	105	176	135	183	33
1	0.099525	360	0	322	242	754	242	792	538	342	574	136	174
2	0.13299	364	0	320	244	752	238	791	540	340	575	137	174	123	164	9
1	0.565652	381	0	321	244	752	238	791	539	340	575	130	167
2	0.066757	383	0	322	245	752	241	791	540	342	575	136	175	149	165	15
1	0.166427	385	0	322	245	753	239	791	540	342	576	171	169
2	0.066423	390	0	321	244	753	244	792	538	342	574	184	169	178	185	16
1	0.100186	393	0	322	244	754	241	792	538	342	575	181	181
2	0.332471	395	0	321	243	753	243	792	539	341	574	188	170	220	182	37
1	0.765451	405	0	322	243	754	243	793	538	342	574	224	164
2	0.067327	428	0	322	241	755	241	793	536	342	572	34	190	39	179	12
2	0.065784	430	0	322	241	754	241	793	537	342	572	39	179	31	192	16
1	0.067112	432	0	323	240	755	240	794	536	344	572	36	184
2	0.065943	434	0	324	240	755	240	791	535	344	571	41	179	89	182	53
1	0.066431	436	0	323	239	755	239	794	535	343	570	85	187
2	0.066527	438	0	322	239	755	239	794	535	342	571	86	188	92	179	13
2	0.06672	440	0	322	239	754	239	792	536	342	570	90	178	77	185	15
1	0.067013	442	0	321	240	754	240	792	535	341	571	86	183
2	0.066039	444	0	321	239	754	239	793	535	342	570	93	176	59	210	48
1	0.365905	455	0	323	240	755	240	793	536	342	571	65	200
2	0.066682	457	0	323	241	755	241	794	536	343	572	78	202	102	199	25
1	0.266322	465	0	323	239	755	239	791	535	343	571	101	198
2	0.099646	467	0	323	234	755	239	794	534	345	571	101	197	114	199	13
1	0.665767	488	0	325	231	758	235	794	530	345	562	116	207
2	0.066507	490	0	324	230	756	234	793	531	344	562	121	200	151	203	32
1	0.399082	495	0	324	229	757	235	793	531	344	562	149	201
1	0.199993	508	0	324	233	756	233	793	529	344	563	116	197
2	0.066785	510	0	324	233	756	233	793	529	344	562	112	197	89	195	24
1	0.099303	513	0	323	228	756	227	793	529	343	563	92	197
2	0.066715	515	0	324	233	756	233	793	529	343	560	92	193	116	204	27
1	0.199539	521	0	324	233	757	233	794	528	345	563	121	195
2	0.066506	523	0	324	233	756	233	793	529	344	563	121	205	155	195	35
1	0.36599	527	0	324	227	757	231	793	528	344	559	149	204
1	0.599026	537	0	325	226	757	231	793	527	345	558	174	219
1	0.499282	556	0	326	228	758	232	794	527	346	559	245	212
2	0.099999	569	0	326	228	758	233	795	528	347	560	52	218	143	230	100
1	0.598704	573	0	326	227	758	233	795	528	347	560	198	219
1	0.266329	591	0	328	227	760	232	796	527	349	558	48	222
1	0.266114	603	0	329	226	761	229	797	525	350	556	44	217
2	0.099743	606	0	329	225	761	231	797	527	350	558	44	216	76	205	36
1	0.499565	621	0	331	222	763	227	799	523	352	554	71	210
2	0.066173	623	0	331	223	763	226	799	522	351	553	83	208	89	212	9
1	0.432554	636	0	332	220	765	225	801	521	353	552	84	215
2	0.066724	638	0	331	219	766	225	802	526	353	551	81	215	112	217	33
1	0.23305	645	0	332	220	765	225	801	521	353	552	105	218
2	0.066281	647	0	332	220	765	225	801	521	353	552	101	223	116	219	16
1	0.366465	658	0	332	218	766	225	802	520	354	551	120	220
2	0.066248	660	0	332	219	765	222	802	523	354	551	132	218	152	215	20
2	0.066501	662	0	332	219	766	227	802	524	354	551	151	215	139	222	14
1	0.399498	665	0	332	219	767	227	803	526	354	551	148	215
1	0.099906	677	0	334	218	769	221	804	524	356	549	164	225
2	0.066419	679	0	333	216	766	221	803	522	355	549	154	233	131	220	27
1	0.266175	687	0	332	217	767	225	803	524	354	549	137	211
2	0.19978	690	0	333	214	767	219	804	521	355	548	137	225	164	199	25
1	0.166247	695	0	333	214	769	217	804	521	355	547	171	213
1	0.167228	703	0	332	213	767	218	804	520	354	546	165	220
2	0.098924	706	0	333	212	768	217	805	519	355	545	157	228	194	216	41
1	0.399344	710	0	332	211	769	216	803	517	354	545	195	216
1	0.299466	727	0	332	211	768	214	803	517	353	544	216	221
2	0.100203	729	0	332	211	769	215	803	518	353	544	214	225	276	220	63
1	0.365676	734	0	334	208	770	212	804	516	353	542	274	220
1	0.432723	744	0	333	208	770	213	805	517	353	543	67	223
1	0.266095	759	0	334	211	770	217	806	520	356	546	53	221
2	0.099822	765	0	336	211	771	215	805	518	356	544	45	231	68	223	15
1	0.100645	768	0	335	210	773	215	806	517	357	544	66	224
2	0.099008	771	0	335	211	772	215	806	517	357	544	65	219	89	225	11
1	0.199712	777	0	334	213	770	216	805	517	356	545	92	227
2	0.066449	779	0	333	211	769	216	805	519	354	545	90	226	71	222	21
1	0.199799	785	0	334	211	770	216	805	518	355	544	70	222
2	0.132944	789	0	334	208	768	213	805	516	354	543	75	223	101	226	38
1	0.166395	794	0	334	208	769	213	804	516	354	543	100	225
2	0.067026	796	0	333	208	767	213	804	512	354	543	100	225	120	232	22
1	0.099432	799	0	334	210	768	215	805	517	354	543	133	222
2	0.066558	801	0	334	209	771	213	805	517	355	542	125	224	116	230	11
2	0.066687	803	0	334	207	771	213	805	516	355	542	112	234	128	242	19
1	0.099793	806	0	333	209	771	213	804	516	354	543	120	222
2	0.066865	808	0	331	208	765	213	802	512	351	543	109	231	121	220	15
1	0.099366	811	0	332	206	767	212	803	510	353	541	114	222
2	0.0666	813	0	329	209	763	213	800	511	349	542	135	228	167	226	35
1	0.23303	816	0	330	208	765	213	801	510	350	541	163	226
2	0.066645	822	0	333	205	770	209	805	511	353	539	152	240	172	237	20
1	0.166232	824	0	334	203	772	206	807	510	356	538	186	246
1	0.299506	836	0	338	205	773	213	808	512	358	539	190	228
2	0.066533	838	0	342	205	774	213	808	512	359	539	196	223	223	229	26
1	0.266812	846	0	343	207	776	213	810	513	360	540	224	232
2	0.49859	849	0	343	206	776	212	810	512	360	541	226	229	226	221	17
1	0.632203	863	0	345	205	778	213	812	512	362	540	249	233
2	0.067159	882	0	344	206	777	213	811	512	361	540	92	237	45	240	50
1	0.665648	902	0	345	201	778	204	811	509	362	536	53	233
2	0.065903	904	0	346	201	779	204	813	508	363	536	54	240	80	234	30
1	0.199634	910	0	347	202	779	205	814	509	364	536	76	234
2	0.10011	913	0	347	203	779	205	813	509	364	537	78	232	65	193	37
1	0.16602	918	0	348	202	780	204	816	509	365	536	66	196
2	0.066636	920	0	348	201	780	205	816	509	365	537	93	207	160	234	79
1	0.598935	931	0	346	201	779	203	813	508	363	535	160	229
1	0.233022	945	0	347	203	779	205	814	509	364	537	116	238
2	0.067835	947	0	347	205	780	213	814	512	364	540	112	236	138	248	31
1	0.298113	952	0	347	204	780	212	813	511	364	539	138	240
1	0.100094	959	0	349	207	781	214	815	513	362	542	137	245
2	0.798816	961	0	349	207	781	214	815	512	366	541	130	245	176	241	48
2	0.066015	985	0	349	208	781	215	815	513	362	542	214	241	145	245	73
1	0.465932	992	0	350	207	782	214	817	513	364	541	147	245
2	0.066706	1001	0	352	209	783	216	817	514	366	543	166	247	143	250	25
1	0.399247	1005	0	353	208	784	217	817	517	367	540	145	246
1	0.133132	1017	0	356	212	787	219	820	515	370	539	200	237
2	0.100107	1019	0	356	210	786	217	817	515	369	538	218	239	241	245	24
2	0.099571	1023	0	355	205	785	217	816	515	369	543	233	238	237	241	9
1	0.199607	1029	0	356	210	787	217	821	514	369	544	246	242
2	0.36611	1031	0	356	209	787	216	822	514	371	544	248	235	263	242	16
1	0.16678	1045	0	355	206	786	217	817	515	369	544	45	254
2	0.066248	1047	0	356	210	787	217	820	515	370	544	56	248	45	240	16
1	0.133257	1051	0	355	205	786	217	818	516	368	542	53	253
2	0.099787	1054	0	355	212	786	219	818	517	369	546	50	251	94	252	53
1	0.19993	1060	0	355	213	786	220	817	518	369	546	96	253
2	0.132491	1063	0	355	214	785	221	816	519	368	547	99	247	85	253	15
2	0.066528	1066	0	355	215	786	222	817	519	370	548	84	251	119	232	42
1	0.732208	1081	0	356	214	787	221	818	518	370	547	143	253
1	0.632536	1091	0	356	210	787	217	822	515	370	545	192	256
2	0.332467	1109	0	356	208	787	215	818	513	370	543	243	257	261	258	17
1	0.166292	1122	0	357	207	788	214	819	511	370	535	37	267
2	0.100027	1124	0	356	207	787	214	818	512	370	535	48	262	62	262	16
1	0.399261	1128	0	356	206	788	213	823	510	370	534	60	263
2	0.066618	1139	0	358	200	790	211	821	510	372	534	221	245	216	255	9
1	0.066465	1141	0	357	199	790	211	821	509	372	533	221	247
2	0.100092	1143	0	356	198	789	211	820	509	371	533	220	243	176	235	47
1	0.39908	1147	0	356	199	789	211	820	509	371	533	155	231
1	0.732034	1158	0	358	198	790	209	822	514	374	532	70	294
2	0.099798	1179	0	365	207	797	216	827	519	381	538	65	282	63	294	11
2	0.100057	1183	0	364	204	794	216	826	517	379	536	77	284	91	291	23
1	0.499506	1198	0	361	209	791	219	823	520	376	540	96	285
2	0.065945	1200	0	361	209	791	220	822	522	376	541	95	283	79	285	18
1	0.399382	1208	0	362	208	793	219	824	522	377	540	75	283
2	0.06649	1214	0	361	207	791	218	823	515	376	539	110	288	100	295	11
1	0.266321	1216	0	361	205	791	217	822	514	376	538	110	290
1	0.200077	1225	0	358	206	788	217	819	513	373	541	117	285
1	0.2661	1236	0	358	200	789	214	820	510	373	534	146	295
2	0.665101	1238	0	358	203	788	215	819	511	372	535	158	292	178	293	21
1	0.366068	1262	0	359	201	790	211	821	508	374	532	229	296
1	0.299647	1275	0	359	198	790	209	822	513	374	531	262	293
2	0.099765	1279	0	359	198	790	210	822	514	374	532	127	322	54	304	77
1	0.099733	1282	0	360	197	791	209	823	513	375	531	56	301
2	0.06671	1284	0	360	198	791	209	823	513	375	531	62	293	208	316	158
1	0.332647	1287	0	359	199	791	209	823	513	375	531	259	306
2	0.066591	1296	0	360	197	791	208	823	511	376	530	84	292	40	302	48
1	0.100003	1299	0	359	197	791	208	823	510	375	530	53	294
2	0.066374	1301	0	361	196	792	207	824	510	375	529	52	295	46	307	13
1	0.233106	1308	0	362	194	797	210	826	509	377	528	44	300
2	0.066464	1310	0	362	194	796	206	826	509	377	528	42	308	46	289	19
1	0.166254	1315	0	362	194	797	210	826	509	377	528	46	300
2	0.067359	1317	0	362	193	798	204	826	509	377	528	46	306	70	303	26
1	0.265369	1325	0	363	194	799	210	827	509	378	528	73	296
2	0.066742	1327	0	364	194	799	210	828	508	379	528	70	296	42	299	30
1	0.366269	1329	0	364	194	800	210	828	508	379	528	40	292
1	0.399039	1343	0	363	190	798	201	828	505	378	525	266	297
2	0.066548	1352	0	362	190	796	200	827	505	377	524	60	296	56	285	11
1	0.233275	1359	0	364	189	799	199	829	505	378	524	46	288
2	0.066246	1361	0	365	189	799	199	828	504	379	524	46	299	41	306	9
1	0.732368	1363	0	365	189	800	198	829	504	379	523	53	300
1	0.76536	1391	0	368	189	803	198	831	503	383	523	117	309
1	0.665369	1410	0	368	189	803	198	831	503	383	523	143	310
1	0.666238	1446	0	369	183	805	198	833	497	384	518	104	310
2	0.065988	1448	0	369	183	805	198	834	497	384	518	82	301	57	298	31
1	0.399601	1453	0	369	181	806	196	835	496	386	517	56	297
1	0.265622	1468	0	378	179	812	194	838	494	390	509	61	312
2	0.299594	1470	0	379	180	812	195	838	495	391	510	72	311	91	306	21
1	0.066694	1479	0	378	182	810	197	838	497	390	512	87	317
2	0.532215	1481	0	378	182	811	197	837	497	390	512	88	326	118	311	33
1	0.832157	1500	0	380	185	811	200	841	500	387	520	148	309
1	0.332525	1523	0	377	185	808	200	838	499	389	520	212	306
1	0.466154	1536	0	372	184	808	196	836	498	388	519	233	309
1	0.09975	1547	0	371	182	807	197	836	496	386	515	218	302
2	0.066674	1549	0	371	182	807	197	837	496	387	516	230	304	273	316	47
1	0.269707	1551	0	370	182	806	197	834	496	385	517	272	310
1	0.096834	1560	0	369	183	804	195	833	497	384	517	54	320
2	0.199274	1562	0	369	184	804	196	832	498	384	518	54	317	42	321	12
1	0.100071	1569	0	369	186	803	195	832	499	384	519	46	318
2	0.065767	1571	0	369	185	804	197	833	498	385	518	50	321	73	310	26
1	0.665695	1578	0	369	185	804	197	833	498	385	518	80	318
1	0.532375	1594	0	374	184	809	197	838	498	390	513	73	324
1	0.665441	1613	0	377	182	809	195	839	496	389	517	64	310
1	0.099972	1630	0	378	180	810	195	839	494	390	513	96	324
2	0.965579	1632	0	379	181	811	196	840	495	391	516	89	310	129	311	42
1	0.299551	1661	0	372	180	809	195	837	494	389	510	233	310
1	0.731367	1673	0	380	178	811	193	841	493	392	512	215	315
2	0.067043	1692	0	380	180	812	195	841	495	392	510	235	326	249	327	15
1	0.731561	1694	0	380	179	813	194	839	499	392	509	249	326
1	0.367131	1718	0	378	176	810	191	840	492	390	513	41	329
1	0.098831	1728	0	378	175	810	190	838	490	390	511	73	332
2	0.299827	1730	0	377	175	810	190	840	490	389	509	78	336	89	324	17
1	0.432162	1740	0	371	174	808	189	837	490	387	511	108	328
2	0.066616	1752	0	379	175	811	190	841	490	391	505	98	332	97	350	19
1	0.399325	1754	0	380	175	812	190	839	495	392	505	118	338
1	0.201204	1770	0	382	178	814	193	841	492	389	508	135	334
2	0.065639	1772	0	382	177	813	192	840	492	394	512	123	318	121	329	12
1	0.066451	1773	0	382	174	813	193	840	492	394	507	118	332
2	0.09931	1775	0	382	178	813	193	840	497	394	512	125	316	189	333	72
1	0.632347	1779	0	381	173	813	192	840	492	393	507	182	334
2	0.067283	1797	0	378	174	811	187	837	489	390	508	232	331	183	328	51
1	0.165679	1802	0	373	174	810	189	839	489	390	504	189	331
2	0.133658	1806	0	372	172	809	187	837	488	389	509	191	321	243	332	32
1	0.26563	1814	0	377	172	810	187	840	488	389	503	244	336
2	0.066547	1816	0	378	172	811	187	841	488	390	503	244	348	256	344	12
1	0.266083	1824	0	378	173	811	186	837	488	390	510	256	335
2	0.100582	1827	0	378	174	811	189	837	489	390	504	260	340	60	344	102
1	0.465199	1841	0	382	169	814	189	841	495	388	506	56	347
2	0.066499	1843	0	383	170	814	190	841	494	395	505	47	349	72	344	28
1	0.266323	1851	0	383	172	814	192	841	497	395	512	82	337
2	0.066514	1853	0	382	175	813	193	840	497	389	509	90	335	143	343	60
1	0.400012	1858	0	383	174	813	193	840	493	395	513	125	345
1	0.132361	1868	0	382	176	812	195	838	494	394	509	114	344
2	0.798667	1871	0	382	180	813	195	839	494	394	516	106	341	136	345	31
2	0.066546	1895	0	378	179	810	194	837	493	390	508	200	340	217	344	18
1	0.665639	1904	0	379	178	810	193	840	493	391	508	215	344
2	0.066479	1917	0	378	180	813	195	843	495	393	510	242	348	233	349	9
1	0.366005	1920	0	377	182	812	197	842	497	393	518	231	348
1	0.299581	1931	0	379	184	810	199	839	498	391	519	262	345
1	0.099853	1940	0	377	184	808	197	838	498	389	519	69	354
2	0.266366	1942	0	374	184	808	197	836	498	389	519	73	344	56	353	19
1	0.631919	1958	0	380	186	810	201	838	499	392	521	246	343
1	0.133332	1971	0	380	186	810	201	838	499	392	520	40	348
2	0.066681	1973	0	379	185	809	200	837	498	391	519	41	351	59	349	20
1	0.066315	1975	0	379	186	809	201	837	499	391	520	64	353
2	0.066568	1977	0	380	185	810	198	838	498	392	519	64	349	91	349	30
1	1.03144	2001	0	376	183	809	198	837	496	390	517	124	350
1	0.79956	2032	0	376	182	809	195	838	495	390	510	211	356
2	0.066024	2034	0	378	181	809	194	837	494	390	516	209	353	242	357	37
1	0.432191	2047	0	380	182	810	197	838	494	392	509	250	357
2	0.0668	2049	0	380	182	810	197	838	494	392	514	259	352	274	351	16
1	0.29926	2051	0	380	182	810	197	838	495	392	510	281	353
2	0.067171	2060	0	381	183	811	198	839	495	393	510	53	373	48	368	8
1	0.565266	2067	0	382	179	811	199	841	496	394	511	42	371
1	0.365994	2079	0	382	185	811	200	841	498	394	513	87	374
1	0.066575	2090	0	384	188	810	201	839	499	395	514	305	87
2	0.066496	2092	0	383	189	810	204	838	500	394	520	302	79	331	79	27
1	0.199848	2098	0	379	193	806	208	834	503	390	524	337	75
2	0.066449	2100	0	379	193	806	206	835	504	390	525	337	76	319	78	16
1	0.232948	2107	0	380	196	807	211	835	507	391	528	318	71
2	0.06676	2109	0	380	197	807	212	835	507	391	526	327	71	381	85	54
1	0.532544	2125	0	381	202	806	215	834	512	392	527	378	77
2	0.099415	2128	0	380	203	806	218	833	512	391	527	380	84	390	95	12
1	0.333072	2138	0	376	212	801	221	828	520	388	539	406	92
2	0.099606	2141	0	369	216	794	227	826	524	385	543	394	97	326	119	27
1	0.365919	2152	0	329	237	758	238	786	538	336	565	324	118
2	0.066584	2154	0	298	243	730	250	760	544	307	571	370	119	405	115	33
1	0.066621	2156	0	245	256	675	259	711	554	259	588	481	104
2	0.066859	2158	0	228	259	662	265	700	554	250	593	493	96	490	106	9
1	0.798232	2166	0	246	274	673	278	714	568	266	601	479	88
2	0.066694	2184	0	259	281	686	288	724	575	273	612	381	62	400	73	20
1	0.166237	2189	0	269	281	695	287	730	575	283	606	390	56
2	0.066664	2191	0	263	280	692	287	727	574	278	606	394	54	386	60	9
1	0.299832	2193	0	260	276	690	279	729	571	275	603	395	72
1	0.132909	2203	0	246	268	681	273	720	568	261	603	441	74
2	0.09994	2207	0	248	267	683	274	721	566	262	602	437	69	477	78	37
1	0.299278	2216	0	239	263	677	267	716	564	254	599	488	79
2	0.066837	2218	0	240	262	677	266	717	563	254	597	501	80	520	82	18
1	0.200934	2224	0	241	261	679	265	718	563	256	598	515	83
2	0.064801	2226	0	242	260	680	265	719	562	258	598	511	80	524	76	12
1	0.399538	2229	0	245	260	683	265	723	562	260	598	518	77
1	1.0981	2240	0	244	257	682	261	723	560	259	596	307	95
1	0.632112	2289	0	256	251	693	258	729	552	270	584	402	84
2	0.067314	2292	0	258	251	695	258	732	559	272	585	405	90	436	96	31
1	0.532113	2308	0	259	248	699	255	733	555	274	581	454	87
2	0.0663	2310	0	259	247	699	254	733	555	273	581	463	90	489	95	26
1	0.56576	2317	0	261	243	701	247	736	554	277	581	486	101
1	0.465734	2330	0	263	248	701	255	738	555	279	581	533	107
1	0.533259	2344	0	263	245	699	256	736	556	278	582	309	103
1	0.365312	2366	0	262	241	698	252	735	552	278	578	392	97
2	0.066501	2369	0	261	241	698	252	735	552	277	579	396	93	449	100	52
1	0.232807	2376	0	262	239	702	245	737	550	278	577	437	103
2	0.09993	2379	0	263	241	700	251	737	551	279	577	440	99	472	102	16
1	0.232894	2386	0	263	239	700	251	737	550	279	577	468	98
2	0.066597	2388	0	263	240	703	245	737	550	279	577	468	102	488	108	20
1	0.233284	2395	0	265	239	701	250	738	550	281	577	492	97
2	0.199402	2397	0	265	239	701	250	738	550	280	577	488	95	525	103	35
2	0.066489	2403	0	265	239	701	249	738	548	281	575	531	99	502	101	26
1	0.332681	2406	0	261	237	698	249	735	548	277	576	499	95
1	0.831925	2415	0	262	238	701	243	735	549	277	575	309	107
2	0.099933	2441	0	262	236	699	247	736	547	278	574	372	108	394	111	14
1	0.532351	2449	0	264	236	701	247	738	547	280	574	398	111
1	0.100226	2460	0	265	236	704	247	739	546	281	573	390	110
2	0.066165	2462	0	265	236	704	247	739	546	281	572	391	108	417	119	27
1	0.532313	2478	0	265	234	704	246	739	545	281	572	417	112
2	0.067282	2480	0	264	233	704	245	738	544	280	572	421	115	449	112	26
1	0.365332	2491	0	267	234	706	239	741	545	283	573	449	116
2	0.10077	2493	0	267	234	707	239	742	545	283	573	449	115	410	113	38
2	0.099322	2497	0	266	234	706	246	740	545	282	572	407	103	474	120	72
1	0.1993	2503	0	267	234	707	245	741	545	283	573	470	115
2	0.09978	2506	0	268	233	709	249	741	544	285	572	468	118	489	114	12
1	0.199618	2512	0	266	232	706	243	740	543	282	571	492	113
2	0.066727	2514	0	266	232	706	243	740	542	283	570	494	107	476	105	18
1	0.266171	2522	0	268	229	708	240	742	540	284	570	476	108
2	0.066797	2524	0	267	229	708	239	743	540	284	568	474	109	503	117	28
1	0.132814	2528	0	268	227	709	238	743	539	284	568	521	115
2	0.099984	2531	0	270	228	710	239	741	540	286	568	539	118	512	109	23
1	0.133026	2535	0	269	230	710	240	743	541	285	570	517	116
2	0.066421	2537	0	268	230	709	240	743	541	284	569	508	121	487	111	22
1	0.200103	2543	0	270	228	711	239	742	540	287	567	486	110
2	0.066975	2545	0	271	229	712	240	745	540	288	570	483	118	500	114	14
1	0.065842	2547	0	272	230	713	240	746	540	289	571	506	127
2	0.066795	2549	0	272	230	713	240	747	540	283	571	522	131	523	96	32
1	0.099413	2552	0	272	230	712	240	746	540	288	570	526	115
2	0.100757	2554	0	273	230	712	241	746	540	289	571	523	101	544	114	24
2	0.065666	2557	0	277	230	712	241	746	540	289	570	571	126	517	135	50
1	0.066897	2559	0	273	229	713	240	747	539	290	563	533	84
2	0.066758	2561	0	280	230	715	239	746	539	292	563	407	138	266	50	169
2	0.066103	2563	0	280	230	715	239	746	539	292	563	269	48	292	149	100
1	0.732193	2568	0	278	231	713	240	746	540	290	564	301	135
1	0.333144	2588	0	278	233	713	248	747	541	290	572	334	111
2	0.065937	2597	0	274	230	713	241	744	540	290	571	376	128	377	116	11
1	0.831913	2612	0	279	229	714	238	748	538	291	569	368	119
1	0.29972	2631	0	273	226	714	242	745	537	290	561	387	118
2	0.066702	2633	0	278	227	714	242	745	537	290	561	395	114	394	125	10
2	0.066644	2635	0	274	226	715	239	746	536	285	561	396	130	438	134	39
1	0.498743	2643	0	280	228	716	241	747	537	292	561	433	127
1	0.066533	2652	0	283	229	717	244	749	545	289	562	459	134
2	0.066738	2654	0	282	229	717	244	749	544	289	562	460	138	485	131	24
1	0.798521	2662	0	282	230	717	243	748	539	289	563	486	130
2	0.167091	2680	0	283	224	717	240	748	539	289	563	298	154	307	146	10
2	1.0308	2685	0	282	230	717	238	748	539	289	563	296	159	299	141	16
1	0.266848	2722	0	281	228	714	243	745	537	287	561	386	129
2	0.066122	2724	0	281	229	714	238	746	543	287	561	392	135	383	141	10
1	0.166353	2729	0	281	229	714	244	745	537	293	561	375	132
2	0.066545	2731	0	281	229	715	244	747	543	293	561	376	140	401	140	24
1	0.465854	2735	0	281	228	715	243	746	536	287	560	402	135
2	0.066597	2747	0	281	229	714	238	745	537	293	561	378	134	404	132	24
1	0.166529	2752	0	282	229	716	244	748	544	294	561	401	126
2	0.066294	2754	0	282	229	716	244	748	544	294	561	403	137	429	129	25
1	0.200043	2760	0	282	228	716	243	747	541	289	561	425	132
2	0.099445	2762	0	282	229	716	244	748	544	294	561	434	129	465	146	35
1	0.399651	2768	0	282	229	715	244	747	544	288	561	465	133
1	1.09787	2777	0	281	228	716	238	747	536	288	560	487	142
1	0.133629	2811	0	281	225	715	240	746	534	292	558	368	126
2	0.09929	2815	0	280	225	715	240	746	533	291	557	341	139	299	150	46
1	0.099745	2818	0	280	225	715	240	746	533	291	557	298	149
2	0.066613	2820	0	281	224	715	239	746	532	292	556	302	149	290	157	13
2	0.067338	2822	0	281	224	715	239	746	532	287	556	298	152	265	32	119
1	0.498808	2837	0	279	224	714	239	745	533	290	557	329	151
2	0.066065	2839	0	274	222	715	238	746	532	290	556	405	165	511	172	104
1	0.399378	2851	0	279	224	714	239	745	532	290	556	514	162
2	0.066767	2853	0	279	224	714	239	745	532	290	556	432	163	304	170	125
1	0.432382	2866	0	280	226	714	239	745	534	291	558	314	162
2	0.066466	2868	0	279	225	714	238	745	534	290	558	324	147	333	151	9
1	0.099861	2871	0	279	226	714	238	745	534	290	558	332	154
2	0.066936	2873	0	279	226	714	241	745	534	290	558	332	150	356	154	23
1	0.099426	2876	0	281	226	715	239	746	535	292	559	351	161
2	0.066583	2878	0	276	225	715	239	746	535	292	559	348	165	356	151	14
1	0.099894	2881	0	281	226	715	239	746	541	292	558	358	153
2	0.0999	2883	0	281	226	715	241	746	541	292	558	352	154	375	146	22
2	0.532228	2886	0	281	227	715	240	746	535	292	559	374	148	366	157	12
2	0.100086	2902	0	275	225	714	239	746	534	290	558	401	151	376	148	23
2	0.066358	2905	0	279	226	713	241	744	534	290	558	371	148	346	105	46
1	0.100388	2908	0	278	226	713	241	744	534	289	558	369	145
2	0.066078	2910	0	273	225	712	238	743	535	289	558	372	145	416	158	46
1	0.23294	2917	0	277	224	711	240	742	534	288	557	413	150
2	0.099871	2920	0	272	224	711	238	742	534	287	557	415	149	431	150	9
1	0.366286	2931	0	270	223	710	239	743	533	286	557	441	152
2	0.06627	2933	0	270	223	710	239	741	533	286	557	441	147	468	145	25
1	0.100431	2936	0	270	222	710	238	740	532	286	555	482	155
2	0.099391	2938	0	271	222	710	238	740	532	286	561	481	158	478	146	11
2	0.066234	2940	0	270	222	711	238	741	532	286	555	482	147	499	147	17
1	0.266216	2948	0	270	221	709	232	740	531	286	559	500	157
2	0.099999	2951	0	270	221	709	232	740	531	286	560	500	150	524	161	12
1	0.099733	2954	0	270	221	710	232	741	532	286	560	522	158
2	0.100016	2957	0	270	220	710	231	741	531	286	560	543	116	420	171	85
1	0.199451	2963	0	273	220	711	231	746	530	288	554	340	170
2	0.066507	2965	0	272	220	712	230	745	530	288	554	325	162	313	165	13
1	0.099844	2968	0	272	220	711	230	742	530	288	553	313	171
2	0.099978	2971	0	272	220	711	230	745	530	288	554	328	161	353	164	33
1	0.133151	2975	0	278	221	712	230	746	529	289	553	349	165
2	0.066344	2977	0	272	220	712	230	745	529	288	553	359	162	372	168	14
1	0.066644	2979	0	273	221	713	231	744	530	290	554	362	142
2	0.067478	2981	0	279	222	713	231	744	530	290	561	352	89	368	163	69
1	0.132276	2985	0	273	219	713	230	747	529	289	553	369	168
2	0.099719	2987	0	274	219	713	229	744	529	290	553	370	170	340	165	31
2	0.066503	2990	0	279	221	713	230	744	529	290	553	351	159	405	165	52
1	0.333218	3000	0	272	221	711	232	745	530	288	554	409	157
2	0.066403	3002	0	273	221	712	231	746	530	289	554	405	153	446	160	40
1	0.133085	3006	0	272	219	711	229	742	529	288	552	445	165
2	0.132898	3009	0	271	218	711	231	742	528	287	558	443	156	441	164	64
1	0.299851	3019	0	270	217	710	230	741	528	285	557	460	167
2	0.066531	3021	0	270	218	709	229	740	528	285	558	462	168	501	166	36
1	0.365631	3032	0	270	217	709	230	740	527	285	556	498	167
2	0.099889	3035	0	269	217	708	229	741	528	284	557	512	168	514	162	11
1	0.133046	3039	0	269	217	708	229	741	526	284	553	526	169
2	0.06657	3041	0	268	217	708	230	740	527	283	556	471	168	387	186	82
1	0.199785	3047	0	270	218	709	229	740	528	286	558	302	178
2	0.066562	3049	0	270	218	710	229	741	528	286	557	308	168	298	187	20
1	0.099675	3052	0	271	218	710	229	741	528	287	557	300	181
2	0.099934	3055	0	271	218	710	229	741	528	287	557	313	191	338	183	20
1	0.365944	3066	0	272	219	711	230	742	529	288	552	343	187
2	0.066594	3068	0	272	217	712	231	745	526	288	550	340	206	350	187	20
1	0.09978	3071	0	272	217	711	231	742	527	288	550	348	185
2	0.100288	3074	0	272	218	711	229	742	529	288	558	346	179	379	188	31
1	0.532089	3090	0	271	217	710	230	742	526	287	556	375	178
2	0.066499	3092	0	270	216	709	230	742	526	286	554	371	186	406	184	34
1	0.299423	3094	0	270	215	709	229	742	525	285	549	403	186
1	0.698948	3104	0	269	217	708	229	741	527	285	556	438	180
1	0.100093	3125	0	269	215	708	231	741	525	284	554	491	185
2	0.066313	3127	0	269	214	710	230	741	524	285	554	486	185	510	189	21
1	0.133131	3131	0	270	214	709	230	742	524	285	554	508	194
2	0.432412	3133	0	270	214	710	230	741	524	286	547	510	193	527	188	16
1	0.332852	3151	0	270	216	709	232	742	526	285	555	303	204
2	0.066455	3156	0	271	215	710	229	741	525	286	548	305	203	301	210	9
1	1.06534	3158	0	271	215	710	229	741	525	287	555	343	218
1	1.06486	3190	0	272	210	711	220	745	520	287	544	307	206
2	0.066307	3222	0	273	213	713	229	746	521	289	545	343	206	337	145	58
1	0.3996	3234	0	273	211	712	221	746	520	289	551	341	199
2	0.099657	3237	0	273	211	712	221	747	521	289	545	337	196	368	195	35
1	0.399332	3249	0	272	215	713	231	746	524	289	548	368	194
2	0.066327	3251	0	273	214	713	230	746	523	289	547	372	195	396	198	24
1	0.26675	3259	0	273	214	712	230	746	524	289	548	395	198
2	0.365449	3261	0	273	215	712	229	746	524	289	548	400	200	449	202	48
1	0.366128	3281	0	274	212	713	222	748	522	290	552	440	203
2	0.066744	3283	0	274	211	714	221	745	521	290	545	450	205	477	213	26
1	0.332638	3293	0	275	210	715	219	746	520	291	544	472	207
2	0.066544	3295	0	275	209	715	219	746	519	291	543	466	208	447	205	19
1	0.26612	3303	0	273	208	713	224	744	518	289	549	448	199
2	0.066445	3305	0	272	208	713	221	745	518	288	549	460	198	452	259	58
1	0.299588	3314	0	271	206	712	220	746	517	286	541	476	206
2	0.066685	3316	0	270	204	713	220	746	516	286	547	472	203	493	217	24
1	0.366031	3327	0	269	202	712	213	745	514	285	545	490	219
2	0.066326	3329	0	269	202	711	213	745	515	285	545	487	204	524	211	35
1	0.499231	3335	0	269	204	712	220	745	516	285	546	523	202
1	0.332686	3347	0	271	204	714	220	747	516	287	547	487	210
2	0.066582	3356	0	271	203	714	219	745	515	287	546	421	199	428	189	10
2	0.066655	3358	0	270	205	712	221	743	517	285	547	431	184	462	178	30
1	0.100354	3361	0	266	204	710	220	741	518	282	547	466	180
2	0.099473	3363	0	260	202	705	212	737	516	277	545	472	183	474	168	14
1	1.26437	3368	0	241	204	688	215	723	520	257	547	515	149
1	0.998188	3404	0	226	166	678	178	713	483	249	511	500	262
1	0.133676	3435	0	131	226	608	234	650	548	155	583	334	186
2	0.066423	3438	0	129	225	602	232	642	546	147	584	352	189	361	176	15
2	0.066261	3440	0	119	218	600	232	635	545	136	584	359	175	377	164	20
1	0.099663	3443	0	119	214	597	231	634	546	128	576	388	166
2	0.066612	3445	0	119	202	602	224	632	545	129	571	382	180	417	182	37
1	1.46419	3448	0	112	201	599	225	628	544	121	574	411	170
1	0.099807	3492	0	114	149	618	171	648	512	124	533	529	199
2	0.332915	3494	0	116	150	620	170	650	511	129	533	525	202	513	194	14
1	0.365955	3513	0	117	142	623	168	652	506	126	527	314	207
2	0.099685	3515	0	115	141	622	168	651	506	124	527	307	204	335	203	33
2	0.066663	3518	0	116	141	622	168	651	505	125	527	334	214	338	206	9
1	0.066604	3520	0	118	141	624	167	653	504	126	526	338	209
2	0.100051	3523	0	119	141	624	167	653	503	129	526	337	210	361	210	13
1	0.232671	3529	0	118	143	623	169	652	505	126	528	359	205
2	0.066642	3531	0	116	144	624	166	650	506	127	528	363	203	383	201	23
1	0.099966	3534	0	118	145	623	171	652	507	128	529	379	202
2	0.099518	3536	0	116	146	624	167	650	507	126	529	379	214	408	206	33
2	0.066536	3539	0	116	144	621	165	650	505	126	528	404	214	414	210	11
1	0.732973	3542	0	117	142	622	168	651	503	126	526	408	208
2	0.065726	3563	0	129	138	633	171	659	504	139	522	433	218	460	221	30
1	0.433234	3569	0	127	136	630	167	659	501	138	525	469	211
1	0.132627	3580	0	131	135	636	168	662	501	142	525	483	211
2	0.100103	3583	0	131	135	636	167	662	507	142	524	486	210	516	206	32
1	0.199186	3589	0	131	134	636	166	662	499	142	523	514	214
2	0.066691	3591	0	131	134	637	167	664	514	142	524	519	205	535	204	16
1	0.365969	3596	0	132	133	637	165	663	498	143	523	533	216
2	0.06667	3604	0	134	131	639	164	666	501	144	522	345	221	312	222	39
1	0.499076	3619	0	137	130	639	162	666	496	145	521	301	223
2	0.06659	3621	0	136	130	639	162	666	496	145	514	308	221	331	224	27
1	0.565781	3630	0	136	129	640	161	666	495	146	520	345	222
2	0.066856	3640	0	139	129	644	164	672	501	150	513	368	224	379	220	13
1	0.465454	3645	0	140	130	643	162	671	502	151	514	378	225
1	0.366451	3658	0	142	133	645	163	671	502	153	514	393	222
1	0.066158	3667	0	149	132	646	167	673	501	155	514	416	225
2	0.066797	3669	0	151	133	647	163	675	502	157	514	413	225	403	235	14
1	0.365843	3671	0	151	133	648	163	674	500	157	514	408	230
1	0.432487	3690	0	153	132	649	167	672	495	159	513	466	222
1	0.399283	3705	0	155	126	651	156	675	494	161	507	500	231
2	0.067276	3707	0	149	126	651	156	675	495	157	508	511	227	532	231	23
1	0.498486	3715	0	153	126	651	156	675	494	159	508	527	231
2	0.066906	3724	0	153	127	649	156	673	495	157	509	325	253	331	238	18
2	0.099515	3726	0	153	127	650	157	674	496	159	509	330	236	319	241	14
2	0.066457	3729	0	153	128	650	158	674	496	159	510	315	242	328	230	18
1	0.366496	3733	0	155	128	651	158	675	495	156	510	337	236
1	0.099488	3743	0	158	126	655	159	680	508	162	508	357	227
2	0.066551	3745	0	160	125	656	159	680	493	163	507	348	232	392	234	49
1	0.299392	3754	0	158	116	656	151	679	491	160	506	395	235
2	0.066619	3756	0	158	115	656	156	679	490	164	505	386	235	399	236	14
1	2.06326	3758	0	158	116	656	157	679	491	162	505	398	243
1	0.333174	3828	0	153	120	652	155	675	491	155	505	313	251
2	0.066052	3830	0	151	113	652	155	676	500	157	505	319	245	354	258	44
1	0.499054	3845	0	160	114	659	154	683	503	163	503	351	242
2	0.100345	3847	0	160	114	659	154	683	501	163	504	350	241	376	240	28
2	0.09942	3850	0	160	113	659	153	682	488	164	504	371	240	363	250	12
1	0.199834	3854	0	161	112	662	153	684	502	165	502	375	235
1	0.166368	3861	0	159	111	661	146	682	487	162	502	394	253
2	0.066451	3864	0	157	110	658	151	681	487	162	501	398	254	436	245	42
1	0.133042	3868	0	157	110	658	151	681	486	160	502	434	247
2	0.332816	3870	0	156	108	659	151	680	486	161	500	426	262	430	246	18
1	0.066417	3880	0	150	113	655	142	679	484	161	496	464	245
2	0.199761	3882	0	154	113	655	148	679	489	161	497	464	238	444	243	22
1	0.19973	3892	0	148	111	654	147	678	483	159	497	485	240
2	0.066465	3894	0	149	110	655	146	679	483	160	496	483	242	497	246	15
1	0.566521	3896	0	153	104	656	139	680	481	160	496	497	259
1	0.332182	3921	0	153	112	654	147	678	490	160	497	310	255
2	0.066209	3923	0	153	104	655	147	679	483	158	497	313	255	330	257	22
1	0.267135	3931	0	154	113	656	148	680	484	161	497	331	252
2	0.099121	3934	0	150	105	660	147	681	484	162	498	323	255	347	255	26
1	0.099885	3937	0	156	106	661	148	681	484	163	499	345	247
2	0.100091	3940	0	151	112	660	147	681	484	159	499	348	251	350	247	18
1	0.16661	3942	0	151	112	659	147	681	484	162	498	351	247
1	0.099111	3948	0	155	104	657	147	682	498	158	498	372	247
2	0.100059	3951	0	150	103	658	146	682	482	160	498	364	252	329	256	10
1	0.432458	3964	0	153	112	657	141	681	484	162	497	336	252
2	0.066596	3966	0	155	112	657	147	681	484	162	497	326	256	346	252	25
1	0.099773	3969	0	150	111	656	140	681	497	161	496	372	253
2	0.333014	3971	0	150	109	657	145	681	482	161	496	358	261	364	252	12
1	0.699209	3989	0	144	105	653	136	677	480	155	494	377	259
2	0.066037	4002	0	146	101	654	137	678	481	157	495	395	271	406	262	17
1	0.100274	4005	0	148	109	655	139	679	483	158	496	409	264
2	0.798087	4007	0	147	109	654	145	678	483	158	497	421	263	414	280	19
1	0.06656	4031	0	155	113	659	148	680	485	162	499	400	271
2	0.100925	4034	0	155	114	657	149	680	485	162	499	404	267	445	275	18
1	0.231944	4041	0	151	116	656	151	679	487	161	500	447	266
2	0.066491	4043	0	153	116	656	151	679	487	162	500	446	268	489	262	48
1	1.26451	4053	0	152	116	655	151	678	487	161	500	487	263
1	0.199495	4087	0	157	132	659	167	682	506	161	520	353	271
2	0.100034	4089	0	143	132	650	173	673	528	140	529	361	242	348	244	14
2	0.099734	4093	0	101	128	617	180	635	526	98	536	398	223	415	218	22
1	0.099948	4096	0	78	133	597	183	615	529	76	530	441	212
2	0.06648	4098	0	57	128	585	180	599	528	56	526	459	202	453	211	11
1	0.466325	4105	0	20	96	559	159	575	502	18	499	511	221
1	0.233258	4119	0	14	60	562	128	574	486	9	476	327	250
2	0.198973	4120	0	14	60	562	130	577	485	9	476	326	248	346	241	25
1	0.23287	4131	0	30	54	576	124	588	482	24	473	331	245
2	0.100307	4134	0	24	46	574	120	587	471	23	470	327	252	345	256	11
1	0.199419	4140	0	24	48	576	120	587	479	23	469	345	253
2	0.100536	4142	0	23	50	575	121	585	481	19	471	349	244	347	251	9
1	0.198756	4146	0	18	52	568	121	581	480	16	470	360	241
1	0.36602	4160	0	25	51	574	118	587	473	22	470	388	258
2	0.066437	4162	0	21	53	573	123	585	485	18	473	393	242	415	245	28
1	0.29976	4164	0	26	57	577	122	589	481	22	476	415	244
1	0.166052	4176	0	25	46	581	113	594	472	25	469	400	257
2	0.133267	4178	0	27	49	582	115	595	475	24	471	404	255	415	251	12
1	0.332884	4183	0	28	46	583	113	596	480	26	469	414	254
2	0.066492	4192	0	29	47	582	112	595	472	26	469	436	264	485	261	57
1	0.133076	4196	0	27	49	581	113	594	480	24	470	484	256
2	0.067435	4198	0	28	48	582	112	595	481	27	470	477	267	485	252	19
1	0.066151	4200	0	28	48	582	114	595	482	25	469	485	255
2	0.066017	4202	0	29	47	584	113	597	480	27	469	483	266	496	255	20
1	0.099885	4205	0	33	46	585	113	598	474	29	469	493	262
2	0.066451	4207	0	33	46	585	113	598	474	29	468	487	269	512	282	33
1	0.233018	4209	0	32	46	584	113	597	474	28	468	524	265
1	0.432518	4223	0	34	51	586	116	599	482	32	471	526	258
1	0.099764	4230	0	35	53	584	118	597	478	31	472	306	278
2	0.067338	4232	0	34	54	584	122	596	475	30	472	308	279	316	273	12
1	0.066317	4234	0	34	57	584	124	596	476	30	473	322	269
2	0.066025	4236	0	34	57	584	124	596	487	30	474	322	268	351	272	39
1	0.099912	4239	0	34	60	583	122	595	489	31	483	359	263
2	0.099839	4241	0	35	60	584	122	596	478	32	475	358	267	348	269	13
2	0.366185	4244	0	37	58	585	122	597	479	33	475	354	275	328	295	36
1	0.099666	4256	0	32	61	580	125	595	482	28	477	67	89
2	0.066748	4258	0	32	62	580	126	596	478	28	486	63	82	72	82	13
1	0.133015	4262	0	32	63	579	127	594	479	28	486	74	81
2	0.066527	4264	0	31	63	578	127	594	484	31	486	90	87	128	90	55
1	0.234434	4271	0	34	65	580	130	595	484	32	487	127	84
2	0.065196	4273	0	32	66	579	130	595	481	29	488	138	85	182	89	64
1	0.166374	4278	0	35	68	580	132	595	487	32	488	180	87
2	0.066468	4280	0	35	71	580	133	595	487	35	489	181	88	237	95	76
1	0.432555	4283	0	38	70	581	133	597	488	34	491	238	92
2	0.066486	4295	0	38	75	581	135	596	489	34	489	67	115	56	127	19
1	0.432833	4297	0	38	72	581	136	597	490	38	491	52	129
1	0.166125	4313	0	51	158	577	198	595	549	49	563	176	347
2	0.066782	4315	0	51	158	577	198	595	549	49	563	200	362	227	436	98
2	0.099584	4318	0	16	320	527	329	566	664	24	717	263	277	421	361	162