2	0.066656	1	0	325	325	911	287	921	680	369	741	147	114	89	-113	321
2	0.099851	4	0	325	325	911	287	921	680	369	738	74	-113	28	-210	156
2	0.066889	7	0	325	325	911	287	921	680	369	741	86	-122	126	-31	141
1	0.265736	14	0	326	322	912	286	921	676	369	734	116	-36
2	0.09984	16	0	326	320	913	281	920	675	369	733	111	-51	162	37	138
2	0.099895	19	0	327	318	914	282	921	675	370	733	61	-190	151	43	344
2	0.099764	22	0	328	317	915	281	922	674	371	731	78	-153	153	48	298
2	0.166722	25	0	330	315	925	277	925	670	368	729	152	48	108	-62	163
2	0.066303	30	0	330	309	925	269	926	665	373	723	83	-205	186	1	336
2	0.067018	32	0	327	304	925	264	926	661	371	719	183	-23	136	-131	169
1	0.099288	35	0	326	300	923	261	925	657	367	716	160	-103
2	0.099821	37	0	325	296	924	256	925	655	369	713	169	-103	218	45	212
2	0.099848	40	0	326	295	924	255	927	654	370	712	166	-113	214	46	229
2	0.100343	43	0	327	292	924	260	927	659	371	709	159	-123	204	29	219
2	0.099468	46	0	328	292	926	260	928	659	368	709	296	195	237	1	271
2	0.100355	49	0	329	290	926	258	928	657	373	708	237	53	299	200	210
2	0.06591	52	0	330	288	927	257	930	656	368	706	232	72	310	214	213
1	0.266185	60	0	330	281	928	256	932	654	370	705	296	228
2	0.066682	62	0	329	280	928	255	932	654	368	704	310	159	289	312	195
1	0.066687	64	0	329	287	927	255	932	654	368	704	291	308
2	0.066529	66	0	328	287	927	255	930	654	367	704	291	305	230	164	194
2	0.067081	68	0	329	287	927	255	931	650	367	704	231	169	312	85	156
1	0.066131	70	0	328	287	927	255	932	653	367	704	334	28
2	0.06638	72	0	329	279	927	254	929	653	367	703	334	6	247	186	268
1	0.133012	75	0	327	286	926	254	929	653	367	704	250	180
2	0.100511	79	0	327	278	926	253	929	652	365	704	217	134	218	135	186
1	0.165687	84	0	327	273	927	250	932	650	366	701	220	139
2	0.066523	86	0	326	275	926	250	931	650	365	701	229	155	189	21	182
2	0.066537	88	0	325	275	926	250	931	649	365	701	144	32	70	22	107
2	0.099713	90	0	327	282	926	250	930	649	368	700	25	-24	154	240	401
1	0.366494	98	0	328	272	928	248	928	648	368	700	44	8
1	0.465911	116	0	329	276	932	250	929	649	370	700	64	25
2	0.06612	118	0	328	275	928	249	928	646	369	701	56	39	37	24	37
2	0.100049	120	0	329	274	928	250	928	646	369	702	51	28	140	245	319
2	0.066461	123	0	329	273	928	250	928	645	369	701	147	267	83	25	339
1	0.335619	133	0	327	271	926	246	926	642	367	696	162	214
2	0.07132	136	0	327	270	925	247	925	645	367	694	172	226	128	48	268
2	0.092413	137	0	327	270	926	247	926	643	366	692	123	49	173	227	313
2	0.066248	140	0	327	270	926	247	926	644	367	699	135	60	169	220	221
2	0.066656	142	0	327	272	926	246	926	643	367	692	171	219	141	57	215
1	0.100389	145	0	328	269	931	244	927	641	369	690	168	89
2	0.066144	147	0	328	268	930	243	927	640	369	694	167	91	165	65	36
1	0.166301	152	0	329	268	927	243	927	640	368	693	177	83
2	0.100249	155	0	327	266	927	241	927	638	369	693	218	91	205	66	84
1	0.964659	160	0	327	266	931	240	927	637	367	692	214	91
2	0.099559	186	0	323	262	927	235	924	634	363	683	42	56	50	66	17
2	0.100053	190	0	325	261	929	234	926	634	365	683	52	66	85	75	49
1	0.133536	194	0	327	260	931	233	929	633	367	682	80	70
2	0.199947	196	0	326	260	931	232	928	633	367	682	61	50	76	62	29
2	0.298631	202	0	327	261	931	232	929	633	368	682	89	68	112	72	33
1	0.332764	216	0	327	258	931	229	931	630	368	679	148	88
1	0.166394	224	0	327	255	932	225	931	628	367	677	170	100
2	0.166412	226	0	327	255	932	226	931	628	368	677	178	109	203	114	34
1	0.199719	232	0	326	255	932	228	931	629	368	678	206	117
2	0.06635	237	0	326	253	932	225	931	627	368	676	205	121	204	112	11
2	0.066582	239	0	326	253	932	224	931	627	368	676	203	113	236	122	47
1	0.266373	247	0	324	256	929	227	929	630	365	679	237	117
2	0.066686	249	0	324	257	926	236	919	631	361	679	235	114	251	127	28
1	0.333121	252	0	323	257	926	236	919	631	362	679	248	121
1	0.997755	267	0	326	252	931	231	931	629	367	674	236	120
2	0.200574	291	0	325	249	930	228	926	623	366	672	53	102	44	96	12
1	0.298636	301	0	324	248	937	227	931	623	366	672	76	103
1	0.299412	313	0	324	242	932	228	931	627	367	672	104	127
2	0.166378	315	0	326	249	937	228	929	632	367	672	106	120	135	122	41
1	0.266111	326	0	325	249	934	228	925	632	368	672	112	119
2	0.100817	328	0	325	245	934	230	925	629	368	674	104	118	127	123	34
2	0.165495	331	0	332	251	933	230	926	633	369	673	127	123	118	112	19
2	0.099769	337	0	334	252	940	231	927	633	371	673	152	122	153	123	11
1	0.299466	346	0	335	252	939	231	928	632	372	673	149	119
2	0.13323	349	0	336	252	939	231	928	632	373	673	162	121	202	145	57
1	0.399293	362	0	336	246	941	231	929	632	374	672	199	140
2	0.266268	365	0	337	253	937	216	929	633	374	673	208	142	235	145	38
2	0.06651	372	0	338	246	942	233	930	631	376	673	231	141	267	146	48
1	0.233311	379	0	340	245	944	232	932	629	372	673	265	141
2	0.066092	381	0	341	247	943	233	932	632	374	673	273	138	290	130	25
1	0.433241	384	0	341	246	945	233	932	629	372	674	288	138
2	0.065941	396	0	343	246	947	233	934	629	375	673	53	124	52	136	15
1	0.19968	402	0	346	254	947	240	935	636	381	680	56	119
2	0.266587	404	0	347	255	943	216	943	636	380	680	56	115	78	137	43
2	0.066196	412	0	345	253	945	239	934	635	378	674	77	139	83	149	16
1	0.134146	416	0	345	253	945	239	934	635	377	679	70	142
2	0.066506	418	0	345	253	946	240	934	635	378	680	63	137	74	148	23
1	0.165427	420	0	345	255	945	242	934	639	380	681	71	144
1	0.299858	431	0	349	259	948	244	936	639	381	685	67	148
2	0.332728	434	0	346	258	946	244	936	639	380	685	87	157	77	147	19
1	0.731749	464	0	347	255	947	241	936	637	380	683	158	157
2	0.100289	467	0	348	255	948	242	937	636	382	680	188	164	199	156	17
1	0.299024	473	0	347	253	948	239	937	634	379	673	200	159
1	0.100123	479	0	347	252	947	237	936	633	378	672	201	164
2	0.066521	481	0	347	249	948	235	936	632	378	674	199	154	208	165	19
1	0.133091	485	0	347	252	947	238	936	634	379	673	207	163
2	0.066296	487	0	348	255	947	240	936	635	379	674	228	161	249	157	30
1	0.266146	495	0	346	253	947	239	941	634	379	677	246	156
2	0.532492	497	0	348	254	948	239	936	635	380	674	246	152	212	138	49
2	0.066658	513	0	348	254	948	240	936	635	381	674	95	150	222	154	172
1	0.199664	519	0	349	255	948	241	937	636	382	681	229	149
2	0.067099	521	0	349	254	945	216	945	635	382	674	232	152	279	159	64
1	0.365993	523	0	349	254	948	239	937	635	381	674	271	152
1	0.132524	536	0	349	253	949	238	938	634	382	673	58	157
2	0.066524	538	0	349	253	949	239	938	634	382	673	60	162	75	184	35
1	0.066542	540	0	351	255	950	240	938	635	384	674	74	176
2	0.066694	542	0	351	255	950	239	940	635	384	674	70	176	78	176	11
1	0.299373	551	0	351	256	950	240	940	636	385	675	73	155
2	0.070147	553	0	351	255	950	239	940	636	385	678	72	151	78	189	51
1	0.099129	556	0	352	255	951	240	940	636	385	675	78	181
2	0.070333	558	0	351	255	951	240	940	636	385	675	80	183	76	177	10
2	0.060907	560	0	351	256	950	239	940	636	385	675	77	179	99	175	30
1	0.133337	564	0	353	255	951	240	941	635	385	673	99	184
2	0.065221	566	0	351	255	951	240	940	635	384	674	101	184	87	178	22
1	0.399551	568	0	352	255	951	240	940	635	384	674	99	195
2	0.099978	581	0	357	255	952	239	942	636	387	674	153	186	195	192	26
1	0.266156	589	0	358	254	953	239	942	636	388	674	192	190
2	0.068325	591	0	358	254	953	239	942	636	388	676	188	192	210	185	32
1	0.19793	596	0	358	253	952	240	941	635	387	673	211	187
2	0.066181	598	0	358	255	953	239	942	635	387	673	212	188	261	190	63
1	0.199671	604	0	357	254	954	238	943	635	388	673	258	188
2	0.56605	607	0	359	252	954	236	944	634	388	672	255	189	291	191	29
2	0.06634	623	0	360	252	955	237	944	634	389	672	58	206	43	197	24
1	0.366589	634	0	357	255	954	239	942	636	389	674	58	201
2	0.099285	637	0	360	254	955	238	944	636	389	674	45	203	90	205	19
1	0.466026	651	0	358	249	954	233	943	631	387	669	91	211
2	0.066312	653	0	359	249	954	232	944	630	388	668	86	210	45	210	58
1	0.432748	666	0	358	244	955	227	944	627	388	665	55	213
2	0.066898	668	0	358	244	955	227	943	627	388	665	59	210	86	210	37
1	0.165938	673	0	357	243	954	227	942	627	387	665	92	211
2	0.099875	676	0	358	246	955	229	942	628	388	666	95	210	95	208	13
1	0.100296	679	0	358	245	955	229	942	627	388	665	95	207
2	0.066214	681	0	357	245	954	229	943	627	387	665	112	211	149	213	50
1	0.365793	692	0	358	244	954	227	944	627	388	665	151	213
2	0.066761	694	0	357	244	954	229	944	627	387	665	156	211	181	213	34
1	0.100112	697	0	358	245	955	228	944	627	388	665	180	212
2	0.099927	700	0	359	243	956	227	943	626	389	664	166	211	140	209	36
1	0.100312	703	0	359	242	955	226	943	625	389	663	139	210
2	0.065821	705	0	360	242	956	226	944	625	390	663	140	209	168	210	38
1	0.465874	719	0	360	242	957	225	944	625	390	663	175	211
2	0.066497	721	0	357	242	956	225	943	624	390	662	195	210	215	213	26
1	0.36591	732	0	364	239	963	223	954	622	397	661	207	214
2	0.100014	735	0	361	239	962	222	952	621	396	660	209	215	264	218	73
1	0.20379	741	0	363	236	964	221	953	619	395	658	264	220
2	0.062423	743	0	362	235	963	220	953	619	394	658	265	218	276	219	17
1	0.365782	745	0	362	236	963	219	953	619	395	658	274	219
2	0.765376	756	0	368	235	970	218	953	625	397	658	63	229	70	222	11
1	0.831934	790	0	368	236	966	219	952	623	397	658	82	184
1	0.266275	810	0	370	234	969	219	955	622	402	655	84	162
2	0.0665	812	0	371	234	970	217	956	623	403	654	88	164	132	179	65
1	0.432556	825	0	369	227	969	210	955	617	403	648	142	180
2	0.100474	827	0	370	227	969	210	955	615	402	648	160	181	142	182	25
2	0.065944	830	0	370	225	967	208	953	613	400	647	160	183	205	184	60
1	0.199608	836	0	368	225	968	208	954	616	401	646	208	183
2	0.099866	839	0	367	223	969	205	955	614	400	644	205	183	233	183	26
1	0.133377	843	0	375	215	976	214	960	612	401	646	219	182
2	0.399129	845	0	377	216	979	215	962	613	407	642	221	185	259	191	51
1	0.06694	857	0	374	213	978	210	961	609	404	642	99	177
2	0.09927	860	0	371	209	976	208	955	608	401	641	94	179	63	171	14
1	0.100647	863	0	372	208	978	206	961	606	402	640	77	178
2	0.06591	865	0	373	209	979	200	962	606	403	641	89	176	118	185	44
1	0.133162	869	0	373	209	978	208	962	608	403	642	145	186
2	0.366038	871	0	373	209	978	207	962	606	398	643	139	183	153	190	22
1	0.532414	887	0	374	208	978	205	961	604	399	639	203	190
2	0.066472	898	0	373	206	977	198	961	604	403	638	92	181	118	183	37
1	0.13307	902	0	376	209	981	206	964	607	406	642	126	179
2	0.066951	904	0	379	214	983	212	965	611	404	647	122	180	175	188	73
1	0.099976	907	0	374	209	980	207	964	606	404	640	173	189
2	0.066347	909	0	372	203	979	201	963	602	403	631	173	188	233	196	82
1	0.199829	915	0	376	205	983	201	968	603	400	632	238	194
2	0.066079	917	0	376	203	983	200	962	602	400	631	228	191	218	192	13
1	0.099706	920	0	380	203	992	199	966	602	404	631	216	192
2	0.399418	922	0	380	203	992	198	966	601	405	630	244	197	293	198	68
2	0.067202	934	0	380	201	991	197	967	600	406	629	70	212	56	207	20
1	0.498593	949	0	378	199	985	194	963	597	404	626	68	211
2	0.099693	951	0	380	203	983	199	962	600	404	629	90	208	84	212	9
2	0.066895	954	0	380	207	983	203	967	603	405	632	85	213	108	209	31
1	0.066459	956	0	379	208	981	205	965	604	404	633	104	214
2	0.100233	959	0	379	208	981	205	965	604	404	633	109	211	131	216	12
1	0.498494	974	0	378	212	979	210	962	607	403	643	145	207
2	0.066634	976	0	378	213	979	211	962	608	403	642	142	206	157	207	20
1	0.232952	983	0	378	216	977	214	961	610	405	645	159	205
2	0.06661	985	0	379	218	976	216	956	612	404	648	159	205	178	209	26
1	0.333077	995	0	379	221	976	219	960	613	404	649	176	206
2	0.099627	997	0	379	221	976	219	960	613	404	649	173	208	206	209	45
2	0.067026	1000	0	378	229	975	219	958	612	402	646	209	204	203	211	10
1	0.066214	1002	0	378	229	975	219	958	613	407	642	205	207
2	0.06619	1004	0	378	219	975	218	959	612	402	647	200	209	169	207	42
1	0.099898	1007	0	377	219	975	218	958	613	404	647	170	207
2	0.099843	1010	0	379	219	976	217	960	612	405	648	180	209	205	206	32
1	0.266262	1018	0	379	228	977	218	960	612	407	649	205	201
2	0.066946	1020	0	379	228	977	218	960	613	407	647	219	206	269	206	65
1	0.232966	1027	0	379	219	977	215	960	612	403	646	264	208
2	0.06604	1029	0	379	220	977	218	961	613	407	649	267	206	275	206	10
1	0.465799	1033	0	379	219	978	208	961	612	404	647	280	208
2	0.067211	1045	0	380	219	978	218	962	612	407	648	49	220	47	212	9
1	0.066415	1047	0	380	219	978	218	962	613	405	647	51	219
2	0.066121	1049	0	380	219	978	218	961	612	405	647	59	216	120	221	85
1	0.266217	1057	0	381	217	978	215	962	610	406	646	118	217
2	0.099764	1060	0	382	217	979	215	963	610	407	639	127	220	156	219	40
1	0.100015	1063	0	381	217	979	215	962	610	406	639	158	217
2	0.066366	1065	0	380	217	978	214	962	609	405	646	155	216	180	213	34
1	0.199958	1071	0	380	215	979	213	963	609	406	638	180	217
2	0.06654	1073	0	379	215	978	212	962	608	404	643	181	216	190	215	12
1	0.133094	1077	0	379	215	978	212	961	608	404	642	194	217
2	0.066261	1079	0	379	215	977	213	961	609	407	644	192	213	227	219	48
1	0.2665	1087	0	379	220	977	216	961	611	404	648	229	215
2	0.099718	1090	0	378	217	976	216	959	610	405	646	226	219	261	220	47
1	0.1662	1095	0	379	217	977	216	961	611	404	645	262	218
2	0.066733	1097	0	380	218	977	216	961	612	405	647	261	222	237	220	32
1	0.133738	1101	0	380	217	977	216	961	611	405	646	238	220
2	0.365788	1103	0	381	219	978	217	962	612	406	647	239	217	288	221	68
1	0.23275	1119	0	379	219	977	217	961	612	404	649	64	226
2	0.066551	1121	0	379	220	977	218	961	613	405	648	65	226	88	228	31
1	0.299951	1130	0	380	219	977	217	961	612	404	648	94	228
2	0.065996	1132	0	379	219	977	217	961	612	405	649	95	226	110	226	20
1	0.166122	1137	0	378	219	976	217	955	613	402	647	112	224
2	0.066647	1139	0	379	219	976	216	960	611	403	647	110	225	144	230	47
1	0.499223	1154	0	378	217	976	215	956	610	405	646	144	225
2	0.099872	1157	0	377	215	976	214	956	610	405	643	148	225	179	230	42
1	0.166195	1162	0	377	215	976	213	959	608	407	642	177	228
2	0.066632	1164	0	377	215	976	205	955	609	403	643	182	229	199	229	23
1	0.299428	1173	0	377	213	977	211	960	607	407	643	202	231
2	0.066599	1175	0	378	215	977	213	961	608	405	645	205	227	234	228	37
1	0.200449	1181	0	378	215	977	212	960	607	403	643	232	229
2	0.065671	1182	0	378	213	977	212	960	607	405	642	233	229	275	231	56
1	0.199753	1188	0	378	213	978	210	961	606	403	635	276	236
2	0.100353	1191	0	378	213	978	211	961	606	405	641	272	233	251	230	15
1	0.099457	1194	0	379	211	978	209	962	605	404	641	251	230
2	0.066848	1196	0	379	211	978	209	961	605	404	641	256	232	274	231	25
1	0.199183	1202	0	378	211	978	210	961	605	403	641	275	232
2	0.066954	1204	0	378	219	977	209	960	605	407	639	285	229	293	227	11
1	0.466547	1209	0	377	211	977	209	960	605	407	640	292	230
1	0.33175	1227	0	375	211	976	210	959	606	405	641	60	242
2	0.066721	1230	0	376	211	977	210	960	605	406	642	63	241	90	243	36
1	0.265982	1238	0	377	218	976	208	959	605	406	640	91	238
2	0.067581	1240	0	376	211	977	209	959	605	406	640	91	238	129	240	53
1	0.299685	1249	0	375	209	976	202	958	604	405	638	132	241
2	0.06583	1251	0	375	209	976	208	958	604	405	638	141	240	168	245	39
1	0.166729	1256	0	376	211	977	209	959	605	406	640	168	243
2	0.067748	1258	0	377	211	977	210	960	606	407	642	169	242	150	240	24
1	1.06296	1280	0	377	211	976	210	958	606	407	640	153	239
1	0.698744	1300	0	379	215	978	211	961	608	408	645	79	259
2	0.199984	1313	0	381	217	977	216	960	610	407	646	103	251	116	253	18
1	0.132673	1320	0	382	229	978	213	961	612	411	644	155	257
2	0.067753	1323	0	381	229	976	219	960	612	407	647	148	258	174	261	35
1	0.132561	1327	0	382	229	977	219	960	612	411	641	178	264
2	0.099426	1330	0	381	221	976	220	960	613	409	646	175	261	196	265	32
1	0.232757	1337	0	381	229	977	211	959	612	410	641	204	264
2	0.066549	1339	0	380	219	975	210	958	612	409	641	201	266	245	267	56
1	0.299643	1348	0	382	228	977	211	960	611	411	643	244	260
2	0.066381	1350	0	382	227	977	209	959	610	411	643	246	260	258	258	17
1	0.167125	1355	0	383	228	978	210	960	610	412	643	254	259
2	0.099226	1358	0	384	229	980	209	962	611	411	647	254	256	271	260	20
1	0.133005	1362	0	383	219	979	211	960	611	412	640	270	266
2	0.066552	1364	0	383	228	978	210	961	610	412	642	282	265	294	266	14
1	0.33278	1374	0	383	217	976	217	960	608	412	643	288	265
2	0.066503	1376	0	384	227	978	209	961	609	413	643	294	259	252	258	56
1	0.067101	1378	0	384	218	979	210	961	610	413	641	255	262
2	0.365554	1380	0	384	227	979	209	961	609	411	642	257	258	297	262	53
1	0.232898	1396	0	386	217	980	215	964	607	413	641	55	269
2	0.066624	1398	0	387	217	981	216	964	609	411	644	57	268	92	269	48
1	0.199946	1404	0	386	217	980	215	964	608	410	643	96	268
2	0.066934	1406	0	385	225	979	215	963	608	411	644	99	263	117	267	26
1	0.132313	1410	0	386	217	980	215	964	608	413	642	114	270
2	0.06683	1412	0	385	225	979	215	963	608	412	645	113	267	102	266	13
1	0.167063	1417	0	384	214	980	213	964	606	412	635	104	274
2	0.065848	1419	0	384	215	980	213	964	607	412	636	115	275	155	279	55
1	0.166349	1424	0	385	215	981	214	964	607	412	636	154	278
2	0.066474	1426	0	385	215	981	214	964	607	410	641	152	275	187	278	46
1	0.232871	1433	0	385	215	980	213	963	607	409	636	194	280
2	0.099842	1436	0	385	215	980	214	964	607	410	641	193	274	223	274	44
1	0.133181	1440	0	386	222	981	212	964	606	410	641	221	272
2	0.066409	1442	0	385	215	980	213	964	607	413	640	219	273	212	273	9
1	0.166828	1447	0	385	214	980	213	964	606	413	642	207	272
2	0.066147	1449	0	384	213	981	212	963	606	411	641	212	273	252	274	54
1	0.19979	1455	0	385	213	982	211	965	605	410	640	248	273
2	0.066627	1457	0	385	213	981	211	964	605	411	640	247	272	262	277	21
1	0.499461	1463	0	386	222	981	212	964	606	413	640	280	272
1	0.099416	1475	0	385	213	981	203	964	605	413	639	62	278
2	0.067126	1477	0	385	213	982	211	965	604	410	636	60	281	53	288	12
1	0.133224	1481	0	386	211	982	210	965	604	413	640	56	281
2	0.066243	1483	0	386	211	981	209	965	603	413	639	57	278	97	281	57
1	0.232412	1490	0	386	212	981	211	965	604	410	636	102	284
2	0.100249	1493	0	385	210	981	209	964	602	410	637	103	284	137	286	45
1	0.265861	1501	0	387	211	982	210	965	603	411	632	144	286
2	0.066724	1503	0	388	212	983	210	966	604	413	635	144	284	131	287	18
1	0.466422	1517	0	385	211	981	210	964	603	411	640	132	285
2	0.065892	1519	0	385	211	982	209	964	603	410	638	133	287	156	285	31
1	0.29969	1528	0	384	211	981	200	964	602	409	637	156	289
2	0.099967	1531	0	385	211	981	210	964	603	410	632	156	290	176	291	25
1	0.232596	1538	0	384	211	980	210	963	603	414	637	191	289
2	0.066459	1540	0	384	211	980	210	963	604	414	637	191	285	214	288	31
1	0.233357	1547	0	384	211	981	209	964	603	409	639	216	288
2	0.099457	1550	0	383	209	980	207	963	601	408	638	216	286	235	286	18
1	0.133212	1554	0	385	218	980	208	963	602	410	636	236	284
2	0.066522	1556	0	384	218	980	208	963	602	413	637	231	287	250	289	25
1	0.632193	1564	0	383	208	979	207	962	600	412	629	264	295
1	0.16716	1580	0	384	211	979	209	962	603	409	637	64	301
2	0.066342	1582	0	385	218	979	208	962	602	414	636	60	298	87	296	39
1	0.299157	1591	0	385	209	980	206	963	600	409	635	98	299
2	0.066247	1593	0	385	207	980	206	963	599	409	635	99	300	139	302	55
1	0.366244	1604	0	385	208	980	206	964	600	409	634	142	300
2	0.067429	1606	0	385	208	981	206	964	600	410	634	142	298	146	293	8
1	0.065746	1608	0	385	207	981	205	964	599	409	634	145	296
2	0.100742	1611	0	385	206	981	204	965	598	409	627	146	302	180	300	32
1	0.13276	1615	0	385	206	981	204	965	598	409	627	180	300
2	0.066009	1617	0	385	205	981	203	965	598	410	633	179	296	209	302	41
1	0.166293	1622	0	386	207	982	205	965	599	410	635	207	301
2	0.066935	1624	0	386	207	982	205	966	599	410	635	209	300	236	300	37
1	0.132992	1628	0	386	207	981	206	965	600	412	632	231	300
2	0.06618	1630	0	386	209	981	206	965	600	412	634	232	299	257	299	32
1	0.233637	1637	0	386	208	982	206	965	600	411	634	256	301
2	0.066342	1639	0	385	207	981	196	965	600	410	634	260	302	275	300	20
1	0.109766	1642	0	385	207	981	206	964	600	414	629	273	300
2	0.388878	1645	0	386	216	982	206	965	600	410	635	275	297	297	297	13
1	0.299798	1663	0	388	213	982	210	966	603	412	632	65	312
2	0.066349	1665	0	388	213	982	210	966	603	412	632	62	314	93	312	43
1	0.266191	1673	0	386	211	981	209	964	602	411	637	94	307
2	0.066492	1675	0	387	211	981	209	964	602	411	634	94	310	85	309	11
1	0.133324	1679	0	387	211	981	208	965	601	412	635	87	307
2	0.099956	1682	0	388	210	982	208	965	601	412	630	81	313	105	312	23
1	0.066134	1684	0	388	210	982	208	965	601	414	630	108	311
2	0.066892	1686	0	388	211	982	209	965	601	412	630	108	313	134	317	36
1	0.365898	1697	0	387	209	980	206	963	599	412	628	156	323
2	0.066425	1699	0	388	209	981	207	964	600	414	629	151	320	176	315	32
1	0.13309	1703	0	389	212	981	209	966	602	414	631	175	318
2	0.06695	1705	0	388	213	981	209	965	602	413	631	185	323	218	324	43
1	0.232876	1712	0	387	214	980	212	963	603	412	632	216	320
2	0.06623	1714	0	386	215	980	212	963	604	411	633	215	319	243	314	37
1	0.399364	1726	0	386	215	978	214	962	605	412	634	240	319
2	0.101351	1728	0	385	216	977	215	961	606	412	635	245	317	281	318	47
1	0.531275	1736	0	384	215	976	214	960	605	411	641	278	315
2	0.066717	1747	0	386	215	980	212	963	604	410	636	71	324	58	323	18
1	0.368807	1758	0	385	214	977	213	961	604	410	636	57	326
2	0.063391	1760	0	385	215	978	213	961	605	409	634	56	326	83	330	41
1	0.166204	1764	0	386	215	979	213	963	604	410	633	84	328
2	0.066763	1767	0	387	214	979	213	963	604	412	633	81	328	54	327	34
1	0.498867	1769	0	387	214	981	212	964	603	411	632	59	326
1	0.233133	1788	0	389	217	979	214	964	605	413	634	57	327
2	0.066549	1790	0	389	217	980	214	964	606	413	635	60	327	53	322	11
1	0.299322	1799	0	389	215	981	214	964	605	414	634	53	325
2	0.099912	1802	0	388	215	980	213	964	604	414	633	58	323	81	325	15
1	0.233375	1809	0	389	215	982	212	965	604	414	633	87	322
2	0.099396	1811	0	388	216	980	213	964	605	413	634	90	322	112	326	31
2	0.066565	1814	0	388	215	982	212	965	603	414	632	110	326	110	306	25
1	0.066701	1816	0	388	213	982	211	965	603	414	632	112	325
2	0.066627	1818	0	388	214	981	212	964	604	412	633	99	324	83	328	20
1	0.066383	1820	0	389	215	982	213	965	605	414	634	87	326
2	0.066377	1822	0	388	215	982	212	965	604	413	633	87	328	79	324	12
1	0.133109	1826	0	387	214	981	212	964	604	414	633	83	329
2	0.066904	1828	0	388	213	982	211	965	604	415	633	92	333	113	331	28
1	0.299228	1834	0	388	213	982	211	965	604	412	633	115	332
1	0.20016	1840	0	388	213	982	210	965	603	412	632	116	330
1	0.232399	1850	0	386	211	981	209	964	602	411	636	151	311
2	0.066823	1852	0	386	211	981	208	965	601	411	630	166	319	182	317	21
1	0.200571	1855	0	386	211	981	209	964	602	412	631	182	317
1	0.269438	1866	0	386	213	981	212	964	604	411	636	222	316
2	0.062491	1868	0	386	213	980	211	963	603	410	636	225	321	237	317	19
1	0.099602	1871	0	386	213	980	211	963	604	410	635	237	317
2	0.066599	1873	0	387	213	981	212	964	604	411	636	235	316	271	317	46
1	0.565565	1881	0	385	212	979	210	963	603	412	634	275	315
2	0.066623	1892	0	385	213	978	212	961	604	410	639	69	319	54	319	20
1	0.232812	1899	0	386	215	979	212	962	604	412	635	57	321
2	0.066571	1901	0	386	215	978	213	962	604	411	633	58	324	80	326	30
1	0.399398	1913	0	386	213	979	211	962	603	411	636	86	321
2	0.066478	1915	0	386	213	979	212	962	604	411	640	92	321	103	318	15
1	0.199847	1921	0	386	213	980	212	963	604	411	636	105	323
2	0.099841	1924	0	387	213	980	211	963	603	411	636	107	323	118	326	9
1	0.232863	1931	0	387	212	981	211	965	603	412	632	131	327
2	0.100027	1933	0	387	213	981	211	964	603	411	635	134	327	148	328	19
2	0.066333	1936	0	386	212	980	211	963	603	410	635	165	327	155	333	15
1	0.1666	1941	0	386	212	980	210	964	602	414	633	160	331
2	0.099836	1944	0	386	213	981	211	964	603	410	636	160	326	148	328	23
1	0.066286	1946	0	386	211	980	210	963	602	411	637	152	330
2	0.067149	1948	0	386	211	980	210	963	603	410	636	154	328	176	326	31
1	0.065988	1950	0	386	213	980	211	963	603	411	639	174	322
2	0.066688	1952	0	386	214	981	212	963	604	412	635	168	327	153	324	20
1	0.099589	1955	0	386	213	980	211	963	603	411	637	152	324
2	0.067426	1957	0	385	213	979	210	962	603	410	637	153	321	185	329	43
1	0.165711	1962	0	386	220	980	210	962	603	413	637	187	326
2	0.066434	1964	0	386	220	979	210	962	603	411	639	193	331	213	325	29
1	0.333671	1974	0	384	211	979	210	961	602	414	638	208	324
2	0.066187	1976	0	383	211	978	210	961	603	413	636	209	327	220	330	15
1	0.398727	1988	0	385	219	978	201	960	602	414	636	225	326
2	0.066603	1990	0	383	209	978	200	960	601	413	635	223	325	215	325	10
1	0.2	1996	0	385	221	978	211	960	603	414	639	215	321
2	0.066427	1998	0	384	215	978	211	960	602	414	637	213	323	227	323	19
1	0.199505	2004	0	385	221	977	211	960	603	413	638	227	323
2	0.099931	2007	0	385	213	978	206	960	603	411	638	230	328	283	329	72
1	0.06631	2009	0	385	212	978	211	961	602	411	637	276	328
2	0.099946	2011	0	386	221	978	205	960	602	413	636	285	332	279	327	9
2	0.366046	2014	0	385	213	978	212	960	602	415	636	274	327	284	329	13
1	0.299678	2032	0	386	211	980	201	962	603	416	637	60	338
2	0.066424	2034	0	386	211	979	201	962	602	416	636	59	334	73	341	22
1	0.432606	2047	0	385	212	980	211	961	604	415	638	89	336
2	0.099749	2050	0	387	221	980	203	962	603	413	636	96	337	104	339	11
1	0.166483	2052	0	387	221	980	211	962	604	413	637	108	336
1	0.233315	2062	0	385	213	979	206	961	605	415	636	143	340
2	0.731667	2064	0	386	222	979	206	961	604	415	638	143	337	130	335	18
2	0.099666	2087	0	387	222	980	212	963	604	416	637	106	341	68	332	38
1	0.100024	2090	0	386	221	980	204	962	603	415	637	72	331
2	0.099744	2093	0	387	221	980	202	962	604	416	637	73	329	43	334	36
1	0.133437	2097	0	386	211	980	210	962	603	416	637	44	334
2	0.066268	2099	0	386	211	980	210	962	602	416	638	46	332	72	342	39
1	0.233855	2106	0	385	219	978	202	960	602	414	635	94	332
2	0.065527	2108	0	384	210	978	203	960	603	414	635	93	335	109	333	21
1	0.066609	2110	0	385	211	979	201	961	602	415	635	103	335
2	0.099739	2113	0	385	211	979	202	961	602	415	636	104	339	139	344	10
1	0.532517	2129	0	386	213	979	203	961	603	416	638	136	336
2	0.066806	2131	0	386	213	979	208	961	604	416	637	129	336	167	341	51
1	0.066276	2133	0	386	213	980	202	962	602	413	636	169	339
2	0.06666	2135	0	386	221	979	205	961	603	413	637	176	336	201	345	32
1	0.465877	2149	0	386	222	979	212	961	603	415	637	197	340
2	0.099792	2152	0	386	221	979	202	961	604	415	637	198	337	232	346	36
1	0.533173	2168	0	385	213	979	203	961	604	415	638	225	342
2	0.066674	2170	0	385	215	980	205	962	606	415	639	223	340	247	344	30
1	0.166142	2175	0	384	213	978	205	960	606	414	638	248	344
2	0.06639	2177	0	386	223	979	206	961	606	415	639	248	341	262	340	16
1	0.232756	2184	0	385	223	979	206	961	606	414	638	271	343
2	0.099439	2186	0	385	222	978	204	960	605	414	638	273	346	286	345	16
1	0.665628	2197	0	384	224	977	206	959	605	413	640	296	341
1	0.366325	2217	0	385	223	978	206	960	605	414	638	58	350
2	0.099584	2220	0	386	222	978	205	960	603	415	637	65	351	82	353	22
2	0.099723	2224	0	385	213	978	207	965	605	415	638	81	354	83	356	14
1	0.465929	2238	0	387	213	979	206	961	604	417	637	58	351
2	0.066534	2240	0	386	213	980	204	961	605	416	638	69	349	87	353	24
1	0.299667	2246	0	385	211	974	205	966	603	415	636	84	360
1	0.232915	2256	0	386	220	979	202	961	603	415	637	127	355
2	0.066492	2258	0	385	211	980	202	962	598	415	636	120	360	154	360	46
1	0.333142	2268	0	384	213	978	205	960	605	414	638	153	355
2	0.066327	2270	0	385	222	978	205	960	605	414	638	157	356	180	359	30
1	0.066407	2272	0	384	213	978	205	960	604	414	637	178	358
2	0.066604	2274	0	385	223	974	206	960	604	414	639	182	355	202	358	27
1	0.36596	2276	0	384	222	977	207	959	606	413	638	203	357
1	0.166385	2289	0	381	223	973	208	959	606	413	639	121	351
2	0.066659	2292	0	383	213	977	206	959	605	413	639	156	355	199	357	55
1	0.266184	2300	0	379	213	972	208	958	606	412	639	197	358
2	0.066427	2302	0	383	223	972	208	958	608	412	639	211	351	250	344	50
1	0.133252	2306	0	379	223	972	207	958	608	412	639	247	346
2	0.066834	2308	0	377	223	972	208	958	607	412	638	243	347	222	351	25
1	0.099344	2311	0	379	222	971	207	957	607	412	638	219	353
2	0.066612	2313	0	379	222	972	207	963	605	412	638	217	350	222	359	12
2	0.066564	2315	0	379	221	972	206	963	604	412	637	217	353	239	356	29
1	0.200285	2321	0	380	220	973	205	960	598	413	636	238	362
2	0.100104	2324	0	385	221	973	205	959	606	414	637	243	360	264	361	16
1	0.202831	2330	0	384	225	972	208	963	605	413	639	264	363
2	0.096581	2333	0	378	223	971	208	957	606	413	638	266	367	284	361	22
1	0.165581	2338	0	386	224	973	207	959	606	415	638	282	361
2	0.366102	2340	0	385	225	972	209	958	607	414	640	282	361	296	358	18
2	0.099755	2351	0	386	217	978	209	965	609	415	640	67	375	55	371	17
2	0.066793	2354	0	386	226	973	209	959	607	415	640	55	375	59	366	11
1	0.265992	2361	0	386	228	973	211	959	609	415	642	58	367
2	0.066614	2363	0	386	228	973	213	959	610	415	642	72	368	93	364	27
1	0.232956	2370	0	386	227	977	210	965	610	415	641	89	368
2	0.066863	2372	0	386	227	974	210	960	608	415	642	88	369	104	368	18
1	0.166741	2377	0	384	226	972	209	958	609	413	641	117	370
2	0.099149	2380	0	385	226	973	210	959	607	414	640	126	375	143	378	23
1	0.099721	2383	0	384	226	972	210	958	609	413	640	146	374
2	0.066515	2385	0	384	226	972	209	958	608	413	641	141	378	148	370	13
1	0.166581	2390	0	382	225	971	209	962	609	411	641	160	373
2	0.066748	2392	0	383	225	971	209	962	607	412	641	174	375	193	369	25
1	0.468811	2407	0	379	227	971	210	963	611	412	641	194	371
2	0.097208	2409	0	377	226	970	211	956	610	411	642	198	373	240	375	62
1	0.265645	2417	0	378	227	970	212	960	611	411	642	240	371
2	0.066844	2419	0	378	226	969	211	955	609	410	642	240	366	257	370	23
1	0.26702	2427	0	378	225	969	210	955	611	410	641	257	371
2	0.065678	2429	0	379	226	969	212	955	611	411	642	257	370	272	367	19
1	0.09969	2432	0	377	226	969	211	955	609	411	641	270	371
2	0.399196	2434	0	380	227	969	212	955	611	411	642	270	367	297	371	34
1	0.232899	2451	0	384	227	971	212	961	608	413	641	61	378
2	0.099822	2454	0	379	227	970	212	956	609	412	642	63	375	77	380	21
1	0.232953	2461	0	383	228	970	213	961	612	412	643	78	378
2	0.066532	2463	0	379	228	970	212	956	612	411	644	82	376	123	381	54
1	0.499299	2474	0	379	228	969	213	955	611	411	644	132	383
1	0.100184	2481	0	376	228	969	213	955	611	410	643	163	386
2	0.066014	2483	0	377	227	968	213	954	611	409	643	179	382	194	384	20
1	0.099874	2486	0	377	227	968	213	954	605	409	643	191	385
2	0.066524	2488	0	376	227	968	213	958	607	408	643	192	389	259	395	86
1	0.233488	2495	0	375	226	967	212	953	605	408	643	253	395
2	0.066357	2497	0	375	227	967	213	957	605	409	643	258	393	264	399	9
1	0.199475	2503	0	375	228	967	215	956	606	409	644	267	393
2	0.06659	2505	0	376	228	967	215	957	607	410	645	259	392	249	385	15
1	0.099815	2508	0	376	229	967	216	957	607	410	645	249	388
2	0.432918	2510	0	377	230	967	216	957	614	410	646	253	382	296	392	56
2	0.066715	2523	0	378	234	967	220	957	611	410	649	48	396	46	404	10
1	0.132567	2527	0	376	233	966	220	955	610	409	648	48	399
2	0.06638	2529	0	375	233	965	220	954	610	409	648	48	396	70	403	30
1	0.233185	2536	0	376	234	966	220	955	612	409	648	75	399
2	0.099691	2539	0	377	233	966	220	956	610	409	648	78	396	97	401	22
1	0.166784	2544	0	378	236	966	221	955	611	410	649	93	400
2	0.066396	2546	0	377	235	966	221	955	611	409	649	93	399	135	407	55
1	0.099586	2549	0	375	235	965	220	954	610	409	648	142	404
2	0.066633	2551	0	375	235	965	220	953	611	407	649	144	408	114	410	38
1	0.465895	2556	0	375	234	966	221	955	611	409	649	85	398
1	0.732244	2575	0	377	237	965	222	955	613	409	651	155	404
1	0.132763	2591	0	377	241	964	227	954	616	408	654	203	400
2	0.066692	2593	0	374	240	963	227	953	616	407	654	215	399	233	403	22
1	0.20039	2599	0	375	241	963	228	952	617	407	655	233	406
2	0.066214	2601	0	374	243	962	228	951	617	407	655	235	404	278	401	53
1	0.133718	2605	0	374	242	961	230	950	618	407	656	273	401
2	0.065928	2607	0	374	243	961	230	950	618	407	656	264	397	240	398	34
1	0.066167	2609	0	376	244	961	231	950	619	406	657	236	404
2	0.06654	2611	0	375	244	962	231	950	619	407	657	240	409	240	397	13
1	0.099772	2614	0	375	244	961	232	950	619	406	657	239	396
2	0.066484	2616	0	375	244	962	232	950	620	406	658	240	394	249	393	11
1	0.931905	2626	0	375	252	961	233	948	621	406	659	259	399
1	0.366607	2655	0	374	248	959	233	947	621	407	659	202	403
2	0.099826	2657	0	374	246	959	234	955	621	405	659	196	402	207	403	14
2	0.067229	2660	0	372	245	956	233	953	620	404	658	211	413	260	408	65
1	0.364883	2662	0	371	245	958	233	945	620	402	658	263	406
1	0.399325	2673	0	367	256	947	236	940	623	400	666	63	407
2	0.066721	2685	0	365	264	944	235	943	628	401	671	366	112	355	107	16
1	0.166136	2690	0	365	266	945	240	943	630	396	672	355	105
2	0.100411	2693	0	365	268	943	239	942	634	400	674	358	104	423	105	82
1	0.099676	2696	0	365	271	943	243	941	635	400	676	424	103
2	0.066082	2698	0	363	276	940	247	939	642	395	681	434	101	418	98	22
1	0.599634	2716	0	199	378	761	323	791	696	256	784	458	72
2	0.066227	2718	0	196	384	761	329	790	700	256	789	419	105	465	109	57
1	0.265821	2726	0	199	367	768	314	797	686	263	773	457	111
2	0.0666	2728	0	198	359	766	307	799	680	263	768	445	103	424	101	26
1	0.166937	2733	0	192	354	768	299	798	674	261	763	424	103
2	0.066454	2735	0	191	354	768	300	797	675	262	764	422	100	440	102	23
1	0.099373	2738	0	191	354	767	300	797	674	261	763	438	104
2	0.066548	2740	0	198	352	770	297	799	672	262	757	439	104	501	114	77
1	0.199625	2746	0	189	349	768	293	794	670	259	754	498	110
2	0.066632	2748	0	188	348	768	292	797	668	258	753	499	111	529	109	36
1	0.598882	2766	0	182	343	762	288	792	665	251	754	526	115
2	0.066654	2768	0	181	340	762	286	791	663	249	752	522	109	560	124	50
1	0.133448	2772	0	180	339	762	284	792	662	249	751	551	110
2	0.066168	2774	0	180	337	762	282	792	661	249	750	552	113	529	112	27
1	0.300305	2783	0	181	335	763	281	793	659	249	745	527	108
2	0.138551	2785	0	180	335	762	281	793	659	248	745	525	107	550	111	29
2	0.093885	2790	0	180	334	762	280	793	658	248	744	528	107	553	108	15
1	0.16647	2795	0	179	335	762	279	791	657	247	743	554	104
2	0.365736	2797	0	178	334	762	279	791	657	247	743	554	102	559	110	11
1	0.233243	2813	0	178	329	761	273	790	652	246	738	320	109
2	0.06617	2815	0	179	328	762	273	789	652	247	738	324	107	356	110	42
1	0.166593	2820	0	177	328	761	272	788	651	246	737	356	106
2	0.09961	2823	0	178	327	762	271	790	650	247	740	350	106	370	108	22
1	0.166382	2828	0	178	325	761	269	790	648	246	739	380	110
2	0.099763	2831	0	178	325	761	270	790	649	247	740	380	108	408	112	31
1	0.133183	2835	0	179	326	762	271	789	650	248	736	409	112
2	0.066557	2837	0	179	327	762	271	789	650	248	736	409	113	448	115	48
1	0.233335	2844	0	181	326	763	270	790	649	250	734	444	114
2	0.099459	2847	0	181	326	764	269	791	649	251	739	456	115	478	114	26
1	0.200394	2853	0	182	326	765	269	796	648	252	734	477	115
2	0.100813	2856	0	183	325	766	268	793	656	252	733	480	115	538	121	70
1	0.171287	2861	0	183	326	766	269	797	648	253	738	532	119
2	0.459297	2865	0	183	326	766	269	793	648	253	739	534	121	555	127	14
2	0.066399	2877	0	183	324	766	267	793	646	252	732	334	124	320	121	20
1	0.333679	2887	0	182	323	767	266	793	645	252	731	318	123
2	0.066186	2889	0	184	324	768	266	794	645	253	731	319	123	335	124	20
1	0.13299	2893	0	182	321	767	264	793	644	252	730	343	123
2	0.067189	2895	0	182	321	767	264	793	643	252	729	350	123	402	131	67
1	0.399217	2907	0	181	317	767	263	793	640	251	726	398	124
2	0.06577	2909	0	182	318	766	264	792	640	250	726	410	128	439	130	36
1	0.433161	2922	0	179	314	765	263	791	637	249	723	439	130
2	0.069762	2924	0	179	314	765	261	791	637	248	723	438	133	453	132	19
1	0.195937	2930	0	180	313	765	262	791	636	249	722	461	134
2	0.100131	2933	0	181	314	766	263	792	637	250	723	461	130	478	136	20
1	0.332339	2942	0	181	314	766	261	792	637	250	723	478	135
2	0.066465	2944	0	180	315	766	261	792	638	250	724	486	137	510	138	30
1	0.199637	2950	0	180	313	766	262	792	637	249	723	513	137
2	0.099916	2953	0	181	315	766	261	792	638	250	724	516	135	544	136	41
1	0.632678	2972	0	178	313	764	262	790	636	247	722	546	133
2	0.39963	2974	0	179	313	765	262	791	636	248	722	545	130	554	135	14
1	0.13237	2988	0	180	312	765	254	792	635	249	721	318	143
2	0.066673	2990	0	179	311	765	254	792	635	249	726	318	141	347	143	36
1	0.133035	2994	0	180	312	765	254	792	635	249	726	346	140
2	0.133053	2998	0	178	310	764	252	791	633	247	719	348	140	377	142	21
1	0.133965	3002	0	178	309	764	252	791	633	246	719	378	140
2	0.065719	3004	0	178	309	764	252	791	633	247	719	377	140	402	138	31
1	0.299571	3013	0	180	310	765	252	792	642	249	719	409	133
2	0.066458	3015	0	180	310	765	252	792	633	249	719	403	136	427	137	31
1	0.532544	3031	0	182	310	771	252	794	642	252	719	440	134
2	0.066534	3033	0	181	310	766	252	793	633	251	719	442	139	477	142	45
1	0.099884	3036	0	181	310	767	251	794	642	251	719	479	137
2	0.066317	3038	0	180	309	771	251	793	641	250	718	475	137	488	137	17
1	0.166424	3043	0	180	309	771	251	794	642	250	719	496	139
2	0.066842	3045	0	181	309	771	251	794	642	250	719	497	137	518	142	27
1	0.100069	3048	0	181	310	770	251	794	642	251	719	528	142
2	0.132996	3052	0	182	309	772	249	795	633	251	719	523	142	528	151	11
1	0.101652	3055	0	181	309	771	250	794	641	251	718	538	143
2	0.363959	3057	0	181	309	771	250	794	641	251	718	535	143	559	144	28
1	0.133122	3070	0	181	307	771	249	794	640	250	717	315	150
2	0.067313	3072	0	181	307	771	249	794	640	250	717	318	149	365	152	61
1	0.232182	3079	0	181	306	771	253	794	639	250	716	361	148
2	0.066768	3081	0	181	306	771	255	793	630	250	716	363	152	388	149	32
1	0.199379	3087	0	180	306	766	248	793	639	249	716	394	152
2	0.066509	3089	0	179	307	770	249	793	640	249	717	396	150	408	149	14
1	0.099827	3092	0	178	305	767	251	792	638	248	715	406	148
2	0.066903	3094	0	179	305	769	247	792	629	249	715	404	151	439	155	44
1	0.199332	3100	0	180	308	766	250	793	640	250	717	440	151
2	0.133145	3104	0	180	308	765	250	792	640	249	717	441	151	422	149	20
1	0.399586	3116	0	181	308	771	249	793	640	250	717	424	151
2	0.066548	3118	0	180	308	771	249	793	632	250	718	419	154	432	156	16
1	0.165977	3123	0	179	307	769	256	791	630	248	716	439	152
2	0.066909	3125	0	178	307	769	256	791	640	248	716	442	149	462	150	26
1	0.199683	3131	0	179	308	769	249	792	640	249	718	465	154
2	0.066337	3133	0	180	307	770	256	793	639	250	716	471	151	504	157	40
1	0.465862	3147	0	179	307	769	249	793	640	249	717	503	160
2	0.066788	3149	0	180	307	770	256	793	639	250	717	504	155	526	156	27
1	0.199806	3155	0	180	307	771	256	794	639	250	716	526	156
2	0.399014	3157	0	180	307	771	256	794	639	251	717	524	151	558	161	42
2	0.399372	3169	0	181	307	772	255	795	638	245	718	349	168	323	165	33
1	0.099802	3182	0	179	307	767	249	792	640	249	717	537	161
2	0.06704	3184	0	179	306	765	248	792	639	248	716	538	160	522	162	19
1	0.099118	3187	0	177	306	764	247	791	639	248	715	524	161
2	0.399506	3189	0	177	306	764	247	790	629	248	715	522	161	544	167	29
1	0.199468	3205	0	181	308	771	249	794	640	251	717	329	166
2	0.099993	3208	0	181	308	771	249	794	640	251	717	331	167	352	168	27
1	0.099904	3211	0	181	308	771	249	794	640	251	717	351	168
2	0.099893	3214	0	179	299	771	256	794	639	251	716	356	169	372	169	23
1	0.299491	3223	0	180	307	771	256	794	639	250	716	374	164
2	0.066792	3225	0	180	307	771	249	794	640	250	717	376	166	385	166	11
1	0.166852	3230	0	180	307	770	256	792	630	249	716	383	164
2	0.066784	3232	0	180	306	769	253	793	639	250	716	385	166	399	162	18
1	0.066662	3234	0	180	306	771	253	793	639	250	716	402	164
2	0.104379	3237	0	180	306	771	253	793	639	249	716	401	162	439	163	50
1	0.360713	3248	0	180	306	771	255	793	638	250	715	434	162
2	0.066314	3250	0	178	305	770	254	792	629	249	715	433	166	457	169	29
1	0.099869	3253	0	179	305	771	254	793	638	250	715	459	165
2	0.102026	3256	0	178	305	771	252	793	638	249	715	461	166	486	170	32
1	0.430367	3269	0	179	305	768	251	793	638	250	715	485	170
2	0.066242	3271	0	178	305	765	247	792	638	249	715	486	170	508	169	26
1	0.332746	3281	0	180	304	772	252	794	636	251	714	506	170
2	0.133622	3285	0	181	306	772	254	794	638	251	715	507	170	528	167	24
1	0.165979	3290	0	180	304	771	253	794	635	251	714	530	169
2	0.066609	3292	0	179	304	770	253	793	637	249	714	539	171	547	167	12
1	0.366804	3294	0	180	304	772	252	794	635	251	714	547	169
2	0.698195	3305	0	180	305	771	254	794	636	251	715	341	169	329	170	15
1	0.099597	3327	0	181	305	771	254	796	636	252	714	326	181
2	0.066853	3329	0	180	297	773	253	796	636	246	715	324	184	360	183	46
1	0.471506	3343	0	181	303	773	251	796	634	251	713	360	177
2	0.060705	3345	0	181	303	772	251	795	634	250	713	364	175	373	174	14
1	0.100597	3348	0	178	294	772	250	795	633	250	712	373	177
2	0.099131	3351	0	180	300	772	248	795	632	249	710	377	176	424	176	69
1	0.133091	3355	0	180	300	772	248	794	632	250	711	423	174
2	0.066638	3357	0	180	300	772	248	795	632	251	711	424	174	397	172	33
1	0.13533	3361	0	179	294	773	249	796	633	251	711	374	171
2	0.064435	3363	0	180	293	774	249	796	632	252	710	373	168	411	177	49
1	0.199264	3369	0	180	294	774	250	795	633	252	711	411	171
2	0.06676	3371	0	182	301	771	250	795	632	252	710	414	170	424	175	13
1	0.166357	3376	0	181	300	772	248	795	631	252	709	432	171
2	0.133025	3380	0	182	301	773	249	796	632	252	710	431	173	462	174	32
1	0.365991	3391	0	182	295	773	251	797	633	253	712	460	174
2	0.099938	3394	0	187	295	774	250	797	633	247	712	464	179	442	178	16
1	0.166409	3399	0	187	293	774	249	797	632	247	711	441	179
2	0.066536	3401	0	187	294	774	250	797	633	247	712	443	176	476	179	42
1	0.199822	3407	0	186	294	772	249	796	633	252	711	475	180
2	0.099802	3410	0	180	301	772	249	795	633	251	712	476	180	489	179	18
1	0.099794	3413	0	180	300	773	248	796	632	251	711	491	181
2	0.399251	3415	0	179	293	772	248	796	632	251	711	486	179	519	183	39
1	0.099708	3428	0	178	292	770	239	795	631	250	710	537	169
2	0.066727	3430	0	178	292	770	240	795	631	250	710	534	170	550	178	22
1	0.465759	3444	0	179	297	769	238	794	630	249	708	548	178
2	0.399897	3446	0	179	297	771	237	794	629	249	708	541	177	556	179	19
1	0.36538	3467	0	179	291	771	238	794	630	251	708	316	184
2	0.100046	3470	0	180	292	771	239	794	630	252	708	327	184	341	183	16
1	0.100439	3473	0	180	297	772	237	794	629	251	708	342	185
2	0.065697	3475	0	180	297	770	238	794	629	251	708	343	185	372	185	38
1	0.233338	3482	0	179	297	771	237	793	630	249	708	373	185
2	0.099444	3485	0	178	290	771	237	794	629	250	708	370	189	390	185	23
1	0.366033	3496	0	177	297	769	238	792	631	247	708	396	184
2	0.06687	3498	0	177	295	769	237	792	629	246	707	396	184	420	190	31
1	0.265881	3506	0	172	285	769	231	790	613	240	700	426	194
2	0.10004	3509	0	166	283	758	226	785	612	234	699	433	192	443	188	9
1	0.099768	3512	0	167	281	759	224	786	611	235	702	443	188
2	0.06657	3514	0	168	281	760	223	787	611	236	702	442	187	471	191	35
1	0.166376	3519	0	169	285	760	226	787	613	237	700	473	189
2	0.067594	3521	0	170	286	762	234	788	614	238	701	472	187	487	187	19
1	0.098723	3524	0	170	286	762	234	788	614	239	701	487	186
2	0.100362	3527	0	171	288	763	233	789	616	241	708	487	187	441	182	31
1	0.166558	3532	0	173	290	763	235	789	617	241	703	441	180
2	0.06598	3533	0	173	290	763	235	789	617	241	703	440	181	461	186	28
1	0.166176	3538	0	173	290	762	236	788	617	241	703	461	189
2	0.066536	3540	0	173	290	762	236	788	617	241	703	465	190	493	194	35
1	0.200094	3542	0	173	292	762	234	789	619	241	706	492	194
2	0.099502	3549	0	173	293	762	235	789	619	242	705	516	198	537	201	29
1	0.166384	3554	0	174	292	762	235	789	619	242	705	537	202
2	0.066686	3556	0	171	291	760	235	791	618	239	705	538	199	554	201	20
1	0.433236	3560	0	172	290	760	232	791	617	240	707	548	200
2	0.066627	3571	0	174	294	761	238	788	620	241	707	339	207	317	204	28
1	0.498411	3586	0	175	295	762	237	789	620	242	707	319	202
2	0.066329	3588	0	174	296	762	238	789	621	242	708	330	203	350	204	25
1	0.166716	3593	0	174	296	762	237	789	621	242	708	348	204
2	0.066517	3595	0	175	297	762	238	789	622	243	714	347	201	378	205	39
1	0.367113	3606	0	180	299	764	248	791	634	245	710	389	200
2	0.065623	3608	0	176	301	764	249	790	625	245	711	387	202	425	202	51
1	0.631865	3627	0	176	302	762	245	789	627	245	713	426	202
2	0.06764	3629	0	176	304	763	249	789	627	245	713	425	201	468	205	52
1	0.265234	3637	0	175	302	761	244	788	626	243	713	472	208
2	0.066913	3639	0	175	301	762	248	788	625	243	712	469	203	481	200	15
1	0.101278	3642	0	175	301	762	248	788	625	243	712	479	202
2	0.09944	3645	0	175	301	761	243	793	625	243	712	479	203	512	211	38
1	0.164986	3650	0	175	303	760	246	787	627	243	713	506	206
2	0.066418	3652	0	175	303	762	249	788	626	243	713	502	204	518	205	20
1	0.166378	3657	0	176	302	761	244	791	625	244	712	524	212
2	0.100056	3659	0	176	302	762	248	788	625	244	712	529	208	548	207	23
1	0.598842	3668	0	177	303	763	250	789	627	245	713	550	210
1	0.332772	3688	0	177	306	762	250	788	631	246	717	324	222
2	0.066568	3690	0	177	306	762	251	788	631	246	717	338	222	355	220	22
1	0.266172	3698	0	176	304	762	248	788	628	245	715	354	220
2	0.066622	3700	0	176	304	762	248	788	628	245	720	364	216	402	219	47
1	0.166438	3705	0	176	304	762	248	788	628	245	720	403	216
2	0.10025	3708	0	176	306	761	249	787	630	244	721	405	213	422	220	21
1	0.332616	3718	0	175	305	761	248	787	629	242	715	423	218
2	0.066177	3720	0	175	304	762	248	789	628	243	715	421	220	479	225	73
1	0.499237	3735	0	175	304	761	246	788	628	243	715	480	221
2	0.067004	3737	0	175	304	761	248	787	629	242	715	479	215	505	218	33
1	0.099224	3740	0	175	305	761	248	787	629	243	715	507	219
2	0.067595	3742	0	175	305	761	248	787	630	244	721	505	218	528	217	27
1	0.173347	3747	0	175	305	761	248	787	629	243	715	537	220
2	0.093107	3750	0	175	305	760	249	786	629	242	715	539	219	560	224	30
1	0.13332	3754	0	176	306	760	249	786	629	243	715	558	226
2	0.065089	3756	0	175	305	760	249	786	629	243	715	556	226	525	219	40
1	0.203866	3762	0	176	304	761	249	787	630	245	720	525	220
2	0.062867	3764	0	177	305	761	250	787	630	245	716	531	221	546	220	22
1	0.465399	3769	0	176	304	761	249	787	629	245	720	544	224
1	0.333088	3788	0	179	306	763	249	793	629	247	720	318	228
2	0.099624	3790	0	177	306	763	250	789	630	247	720	323	224	333	225	13
2	0.06656	3793	0	179	307	763	250	789	630	247	720	313	223	373	230	76
1	0.16649	3795	0	177	306	763	249	789	630	247	716	370	232
1	0.265938	3806	0	179	307	763	250	794	630	247	716	369	230
2	0.100432	3809	0	179	307	763	250	789	630	247	716	369	232	392	239	24
1	0.365605	3820	0	178	305	763	248	789	629	247	720	389	231
2	0.100163	3823	0	177	305	763	248	789	629	247	720	400	232	424	233	27
1	0.1326	3827	0	179	306	763	249	789	630	247	720	424	232
2	0.067143	3829	0	179	306	764	249	790	630	248	720	430	233	471	234	49
1	0.432444	3842	0	179	307	763	250	789	630	247	716	466	232
2	0.066249	3844	0	178	307	763	250	789	630	247	716	462	229	453	229	11
1	0.166693	3849	0	179	307	763	250	789	630	248	716	456	229
2	0.066177	3851	0	179	307	762	251	788	631	247	720	454	225	469	226	18
1	0.366811	3862	0	180	307	764	250	790	630	249	716	468	229
2	0.065979	3864	0	180	308	764	250	791	640	250	716	471	223	457	221	17
1	0.099981	3867	0	182	309	765	251	792	640	251	717	453	222
2	0.099443	3870	0	182	310	766	252	793	641	252	718	457	219	518	237	65
1	0.36639	3881	0	183	315	767	262	793	636	253	721	513	235
2	0.066311	3883	0	189	314	767	264	793	645	254	721	510	227	562	232	62
1	0.099842	3886	0	191	316	772	258	795	646	250	724	556	233
2	0.066614	3888	0	191	316	771	258	795	646	250	724	558	233	537	234	26
1	0.565571	3905	0	195	322	775	271	797	649	254	729	514	227
2	0.066867	3907	0	195	322	774	271	797	650	254	730	509	227	535	226	30
1	0.06658	3909	0	195	322	774	271	797	649	254	729	539	230
2	0.066383	3911	0	193	314	774	271	797	649	254	729	538	229	558	234	25
1	0.366632	3913	0	195	323	774	272	797	650	254	729	556	230
1	0.099006	3925	0	192	320	772	270	796	649	251	728	313	247
2	0.066711	3927	0	191	320	772	270	795	649	250	728	316	248	341	241	34
1	0.266222	3935	0	192	319	770	269	795	648	250	726	340	239
2	0.066579	3937	0	192	319	768	262	795	648	250	726	346	240	367	240	26
1	0.132888	3941	0	191	319	771	261	795	648	250	726	366	236
2	0.09999	3944	0	192	320	772	268	795	648	250	727	361	235	404	237	56
1	0.199889	3950	0	193	320	768	262	795	648	251	727	403	237
2	0.067635	3952	0	193	320	771	270	795	648	251	727	401	236	383	234	22
1	0.065181	3954	0	192	321	767	263	794	649	257	727	382	237
2	0.066959	3956	0	193	321	768	263	795	649	251	727	384	237	347	256	53
1	0.565967	3962	0	192	320	767	263	794	649	250	727	352	254
1	0.165771	3978	0	192	321	768	263	795	650	251	728	403	249
2	0.066493	3980	0	192	321	769	263	795	649	251	728	403	248	430	263	38
1	0.200048	3986	0	191	320	767	263	794	649	256	726	424	260
2	0.099388	3989	0	192	321	768	263	794	642	257	727	396	261	352	256	59
1	0.466031	4003	0	193	324	768	267	795	652	252	730	349	248
2	0.099922	4006	0	192	323	767	266	794	652	251	730	345	251	408	258	94
1	0.332714	4016	0	191	321	767	264	794	650	256	727	407	258
2	0.066378	4018	0	190	321	766	264	793	650	255	726	407	257	424	260	23
1	0.199653	4024	0	189	319	765	262	791	640	253	726	420	264
2	0.133094	4028	0	189	317	765	261	791	639	253	725	418	264	440	268	34
1	0.166449	4033	0	189	317	765	263	791	638	253	724	442	266
2	0.066753	4035	0	189	317	765	261	792	648	253	724	444	261	476	265	38
1	0.365861	4042	0	183	316	765	262	792	636	253	721	467	267
1	0.266125	4054	0	183	315	765	262	791	636	253	721	494	263
2	0.067674	4056	0	184	315	765	262	795	636	253	721	493	264	531	276	46
1	0.531542	4062	0	183	315	765	261	792	636	253	721	552	276
2	0.06643	4074	0	190	315	767	262	793	637	255	722	314	278	309	284	9
1	0.2665	4082	0	191	317	767	261	793	638	255	723	314	279
2	0.099582	4084	0	191	317	767	261	793	638	255	723	313	284	366	277	67
1	0.499272	4090	0	190	317	767	261	793	638	254	723	366	271
2	0.06659	4102	0	191	317	767	261	793	639	255	724	534	275	514	267	25
1	0.13324	4106	0	191	318	767	262	793	639	255	724	515	269
2	0.066204	4108	0	191	318	767	261	793	639	255	724	510	269	479	269	39
1	0.133425	4112	0	192	318	767	262	794	648	256	724	483	259
2	0.066233	4114	0	191	318	767	262	793	639	255	724	488	269	499	265	14
1	0.099781	4116	0	190	318	766	262	793	639	254	724	501	267
2	0.066638	4118	0	190	318	766	263	793	640	254	725	514	270	546	283	40
1	0.400276	4121	0	189	318	765	262	795	639	253	725	543	276
2	0.09874	4133	0	192	318	767	261	793	638	256	723	330	281	316	277	13
1	0.10071	4136	0	193	317	768	261	795	647	257	723	317	274
2	0.101385	4140	0	193	318	768	262	795	648	257	724	317	274	378	270	56
1	0.23083	4146	0	193	319	767	263	794	648	257	725	379	270
2	0.100128	4149	0	193	318	767	262	793	639	257	724	384	286	394	273	17
1	0.099294	4152	0	193	319	767	263	793	640	257	725	394	273
2	0.066911	4154	0	194	319	768	262	794	639	258	724	395	275	381	272	15
1	0.166605	4159	0	193	319	768	263	795	640	257	725	381	273
2	0.066151	4161	0	193	320	768	264	795	649	258	726	386	268	401	270	21
1	0.266138	4169	0	191	317	767	261	793	638	255	723	400	280
2	0.066484	4171	0	191	316	767	261	794	638	255	723	394	277	369	278	31
1	0.133288	4175	0	193	316	768	263	795	647	257	722	375	270
2	0.100715	4178	0	192	316	768	264	794	638	256	723	369	272	390	277	23
1	0.13294	4182	0	192	316	767	263	794	647	256	722	394	269
2	0.071742	4185	0	190	314	767	262	793	636	255	721	392	274	425	277	42
1	0.10644	4188	0	190	314	767	258	795	646	255	721	426	269
2	0.120784	4191	0	189	313	766	258	793	636	254	721	427	276	449	284	14
1	0.100036	4194	0	189	315	766	259	794	636	254	721	448	283
2	0.099293	4197	0	190	315	766	260	793	637	255	722	448	282	481	290	34
1	0.434325	4210	0	184	316	765	259	794	646	253	722	482	278
2	0.064679	4212	0	184	315	764	258	795	636	253	721	502	287	525	287	28
1	0.199799	4215	0	184	313	765	256	793	634	253	726	527	291
1	0.099849	4221	0	183	313	763	257	793	634	252	726	526	291
2	0.432847	4223	0	184	312	764	256	794	634	253	724	533	290	555	292	25
2	0.066144	4236	0	184	311	766	254	793	632	253	717	329	291	323	294	9
1	0.23358	4243	0	189	310	766	255	793	633	253	718	323	296
2	0.065986	4245	0	189	310	765	254	793	632	253	717	328	293	360	296	41
1	0.334662	4255	0	188	308	766	252	792	631	253	716	360	291
2	0.065691	4257	0	184	310	766	253	793	641	253	716	376	286	398	286	27
1	0.132154	4261	0	184	310	765	253	793	631	252	717	393	291
2	0.066685	4263	0	183	309	765	253	793	631	252	717	394	290	405	299	15
1	0.16696	4268	0	183	308	765	252	794	630	251	716	410	293
2	0.098945	4271	0	183	308	765	251	795	630	252	716	409	294	456	296	60
1	0.266336	4279	0	183	308	765	252	795	630	252	716	456	297
2	0.066524	4281	0	183	309	765	252	793	631	252	717	458	295	481	296	27
1	0.166687	4286	0	182	307	764	251	794	630	251	716	479	297
2	0.099452	4289	0	182	307	764	251	794	629	250	715	478	298	448	295	39
1	0.166772	4294	0	183	306	765	250	793	628	251	719	451	298
2	0.066167	4296	0	182	305	765	249	791	628	251	719	462	299	489	299	33
1	0.133067	4300	0	182	305	765	249	793	628	251	714	487	297
2	0.099947	4303	0	183	306	766	249	793	628	252	718	484	291	506	299	24
1	0.333047	4313	0	182	305	765	248	792	627	250	713	516	301
2	0.099482	4316	0	182	305	765	249	793	627	250	713	515	302	459	293	68
1	0.233329	4323	0	184	306	766	250	793	629	253	719	457	292
2	0.066146	4325	0	185	306	766	250	794	628	253	718	457	295	470	296	16
1	0.338111	4335	0	190	305	767	249	793	628	255	713	475	295
2	0.062356	4337	0	191	304	768	249	794	627	255	712	483	296	511	300	36
1	0.165271	4342	0	190	306	767	250	793	629	255	714	513	301
2	0.099824	4345	0	189	306	767	250	794	629	254	714	511	294	559	303	58
1	0.400008	4347	0	189	305	767	250	793	628	254	719	559	309
1	0.132403	4361	0	185	307	766	251	794	630	253	715	327	306
2	0.066749	4363	0	185	308	766	251	794	630	253	715	360	301	420	287	77
1	0.133068	4367	0	184	306	766	250	794	629	253	714	418	287
2	0.066379	4369	0	183	306	765	250	791	629	252	714	421	283	385	274	46
1	0.233122	4376	0	183	307	765	251	795	630	252	716	382	276
2	0.099751	4379	0	184	307	766	251	793	629	252	714	381	276	435	282	47
1	0.166378	4384	0	183	307	765	251	795	630	251	716	430	278
2	0.066661	4386	0	183	307	765	251	795	630	251	716	432	281	392	279	50
1	0.166418	4391	0	182	306	764	250	792	629	250	719	383	276
2	0.099871	4393	0	182	306	764	250	794	629	250	715	383	277	410	279	33
2	0.099805	4397	0	181	306	763	250	793	628	249	719	415	282	452	288	47
1	0.265989	4405	0	180	305	763	250	791	628	249	719	453	287
2	0.099832	4408	0	180	305	763	249	792	628	249	719	453	286	409	279	41
1	0.100248	4411	0	180	304	763	248	793	627	248	713	411	283
2	0.066566	4413	0	180	304	762	249	791	627	248	713	410	284	480	293	87
1	0.446121	4426	0	181	303	763	248	793	627	249	713	484	287
2	0.100198	4429	0	181	303	764	247	794	626	249	712	481	289	523	289	88
1	0.684446	4436	0	181	302	763	247	793	626	248	712	529	289
1	0.399558	4462	0	180	303	764	247	793	626	248	712	325	295
2	0.066512	4464	0	181	303	764	247	794	626	248	712	325	289	359	293	43
1	0.232819	4471	0	179	303	763	247	792	626	247	712	356	292
2	0.066548	4473	0	179	302	762	248	792	626	246	712	359	288	369	287	13
1	0.166434	4478	0	180	303	763	248	793	627	247	713	368	287
2	0.066818	4480	0	179	303	762	249	792	627	247	713	369	289	408	291	48
1	0.266805	4488	0	179	305	761	251	787	629	247	719	408	286
2	0.06566	4490	0	180	306	762	251	790	629	247	719	412	286	444	292	42
1	0.10022	4493	0	180	306	760	251	786	629	247	720	443	289
2	0.099519	4496	0	178	305	759	251	789	629	245	720	441	288	472	291	40
1	0.23282	4503	0	179	306	760	252	789	630	246	717	472	294
2	0.066782	4505	0	177	306	760	253	788	631	246	721	468	290	506	296	46
1	0.133052	4509	0	165	336	744	283	773	665	226	756	520	272
2	0.09983	4512	0	135	368	715	313	746	694	197	784	537	270	506	294	25
1	1.06587	4514	0	98	389	677	334	707	712	161	800	557	292
1	0.165354	4549	1	31	69	707	84	1095	493	609	879	-61	378
