1	0.06733	2										260	251	
2	0.465632	13										260	251	75	292	
1	0.332785	23										75	292	
2	0.06683	25										75	292	87	294	
1	0.069236	28										87	294	
2	0.065547	30										87	294	83	292	
1	0.298471	38										83	292	
2	0.065189	40										83	292	113	289	
1	0.066496	42										113	289	
2	0.066402	44										113	289	111	297	
1	0.233071	51										111	297	
2	0.066677	53										111	297	176	297	
1	0.365885	64										176	297	
2	0.066582	66										176	297	144	294	
1	0.23294	73										144	294	
2	0.068754	75										144	294	182	297	
1	0.264591	83										182	297	
2	0.066453	85										182	297	184	291	
1	0.266497	93										184	291	
2	0.066823	95										184	291	209	300	
1	0.132337	99										209	300	
2	0.066338	101										209	300	235	299	
1	0.066511	103										235	299	
2	0.066613	105										235	299	268	322	
1	0.133508	109										268	322	
2	0.066238	111										268	322	268	318	
1	0.067158	113										268	318	
2	0.065722	115										268	318	276	310	
1	0.200696	121										276	310	
2	0.331879	131										276	310	75	321	
1	0.399297	143										75	321	
2	0.066619	145										75	321	106	311	
1	0.20103	151										106	311	
2	0.065119	153										106	311	79	311	
1	0.232888	160										79	311	
2	0.066475	162										79	311	89	308	
1	0.066605	164										89	308	
2	0.06666	166										89	308	101	307	
1	0.236796	173										101	307	
2	0.065791	175										101	307	133	307	
1	0.230488	182										133	307	
2	0.065833	184										133	307	132	318	
1	0.066929	186										132	318	
2	0.066191	188										132	318	173	318	
1	0.099688	191										173	318	
2	0.099822	194										173	318	175	308	
1	0.267552	202										175	308	
2	0.06589	204										175	308	135	316	
1	0.066537	206										135	316	
2	0.099304	209										135	316	182	316	
1	0.199786	215										182	316	
2	0.066295	217										182	316	173	311	
1	0.066518	219										173	311	
2	0.066911	221										173	311	202	310	
1	0.166197	226										202	310	
2	0.066649	228										202	310	211	308	
1	0.134147	232										211	308	
2	0.065474	234										211	308	230	315	
1	0.06843	236										230	315	
2	0.064829	238										230	315	230	308	
1	0.300621	247										230	308	
2	0.065194	249										230	308	261	310	
1	0.133191	253										261	310	
2	0.299531	262										261	310	99	327	
1	0.366122	273										99	327	
2	0.10083	276										99	327	148	335	
1	0.26503	284										148	335	
2	0.066535	286										148	335	155	318	
1	0.066424	288										155	318	
2	0.067175	290										155	318	193	329	
1	0.132673	294										193	329	
2	0.266125	302										193	329	243	331	
1	0.232995	309										243	331	
2	0.100107	312										243	331	267	333	
1	0.133142	316										267	333	
2	0.066357	318										267	333	284	332	
1	0.066521	320										284	332	
2	0.366129	331										284	332	76	353	
1	0.133016	335										76	353	
2	0.066706	337										76	353	69	351	
1	0.199414	343										69	351	
2	0.066614	345										69	351	108	348	
1	0.166383	350										108	348	
2	0.068786	352										108	348	138	345	
1	0.164075	357										138	345	
2	0.100039	360										138	345	166	348	
1	0.132959	364										166	348	
2	0.066604	366										166	348	186	359	
1	0.201263	372										186	359	
2	0.064873	374										186	359	164	345	
1	0.233257	381										164	345	
2	0.099534	384										164	345	189	345	
1	0.399801	396										189	345	
2	0.066481	398										189	345	227	332	
1	0.332317	408										227	332	
2	0.066863	410										227	332	252	343	
1	0.166095	415										252	343	
2	0.165277	420										252	343	278	311	
1	0.272869	428										278	311	
2	0.061116	430										278	311	65	343	
1	0.233092	437										65	343	
2	0.067479	439										65	343	67	345	
1	0.231779	446										67	345	
2	0.066687	448										67	345	90	362	
1	0.132963	452										90	362	
2	0.066386	454										90	362	114	365	
1	0.166593	459										114	365	
2	0.066645	461										114	365	162	363	
1	0.19951	467										162	363	
2	0.066362	469										162	363	198	363	
1	0.166565	474										198	363	
2	0.133342	478										198	363	219	365	
1	0.333024	488										219	365	
2	0.066178	490										219	365	271	367	
1	0.199648	496										271	367	
2	0.365947	507										271	367	78	373	
1	0.066965	509										78	373	
2	0.099884	512										78	373	110	370	
1	0.165915	517										110	370	
2	0.067223	519										110	370	143	360	
1	0.166554	524										143	360	
2	0.132114	528										143	360	138	381	
1	0.133578	532										138	381	
2	0.099589	535										138	381	151	386	
1	0.16637	540										151	386	
2	0.066469	542										151	386	173	378	
1	0.099832	545										173	378	
2	0.666212	565										173	378	224	405	
1	0.165717	570										224	405	
2	0.067305	572										224	405	211	387	
1	0.099153	575										211	387	
2	0.066341	576										211	387	219	375	
1	0.200178	582										219	375	
2	0.066138	584										219	375	271	376	
1	0.133531	588										271	376	
2	0.066124	590										271	376	238	381	
1	0.06664	592										238	381	
2	0.066523	594										238	381	279	380	
1	0.067509	596										279	380	
2	0.065639	598										279	380	297	386	
1	0.099879	601										297	386	
2	0.366678	612										297	386	87	389	
1	0.099124	615										87	389	
2	0.066529	617										87	389	121	386	
1	0.100705	620										121	386	
2	0.066118	622										121	386	140	389	
1	0.066146	624										140	389	
2	0.066739	626										140	389	87	383	
1	0.166148	631										87	383	
2	0.066961	633										87	383	73	380	
1	0.066171	635										73	380	
2	0.066859	637										73	380	79	387	
1	0.13311	641										79	387	
2	0.066289	643										79	387	127	396	
1	0.099858	646										127	396	
2	0.066421	648										127	396	128	378	
1	0.366265	659										128	378	
2	0.0664	661										128	378	181	386	
1	0.5	676										181	386	
2	0.066478	678										181	386	184	397	
1	0.066654	680										184	397	
2	0.066016	682										184	397	184	392	
1	0.133058	686										184	392	
2	0.066305	688										184	392	235	396	
1	0.267011	696										235	396	
2	0.065898	698										235	396	217	401	
1	0.066361	700										217	401	
2	0.066406	702										217	401	233	396	
1	0.133483	706										233	396	
2	0.066313	708										233	396	263	392	
1	0.066531	710										263	392	
2	0.067021	712										263	392	263	392	
1	0.099383	715										263	392	
2	0.101497	718										263	392	298	392	
1	0.131404	722										298	392	
2	0.499178	737										298	392	90	413	
1	0.167015	742										90	413	
2	0.199184	748										90	413	110	410	
1	0.132919	752										110	410	
2	0.066641	754										110	410	146	413	
1	0.099729	757										146	413	
2	0.066622	759										146	413	152	406	
1	0.332671	769										152	406	
2	0.100496	772										152	406	214	403	
1	0.298888	781										214	403	
2	0.166701	786										214	403	209	405	
1	0.26592	794										209	405	
2	0.067311	796										209	405	205	405	
1	0.098947	799										205	405	
2	0.066682	801										205	405	216	397	
1	0.199691	807										216	397	
2	0.099927	810										216	397	238	401	
1	0.200379	816										238	401	
2	0.065851	818										238	401	256	399	
1	0.100629	821										256	399	
2	0.198655	827										256	399	300	400	
1	0.099849	830										300	400	
2	0.133652	834										300	400	315	94	
1	0.099587	837										315	94	
2	0.067029	839										315	94	324	67	
1	0.232225	846										324	67	
2	0.066438	848										324	67	342	97	
1	0.133436	852										342	97	
2	0.399482	864										342	97	663	156	
1	0.099439	867										663	156	
2	0.167263	872										663	156	319	82	
1	0.132756	876										319	82	
2	0.199455	882										319	82	355	91	
1	0.199375	888										355	91	
2	0.066692	890										355	91	376	93	
1	0.066316	892										376	93	
2	0.066445	894										376	93	366	102	
1	0.200131	900										366	102	
2	0.066751	902										366	102	403	94	
1	0.266015	910										403	94	
2	0.066257	912										403	94	449	110	
1	0.266203	920										449	110	
2	0.067301	922										449	110	471	101	
1	0.065807	924										471	101	
2	0.066639	926										471	101	510	101	
1	0.066532	928										510	101	
2	0.06844	930										510	101	517	101	
1	0.297514	939										517	101	
2	0.099882	942										517	101	522	118	
1	0.13329	946										522	118	
2	0.06728	948										522	118	499	118	
1	0.165497	953										499	118	
2	0.066791	955										499	118	504	112	
1	0.066821	957										504	112	
2	0.066467	959										504	112	513	104	
1	0.499317	974										513	104	
2	0.066011	976										513	104	544	102	
1	0.366002	987										544	102	
2	0.066383	989										544	102	566	113	
1	0.167117	994										566	113	
2	0.100013	997										566	113	525	118	
1	0.165604	1002										525	118	
2	0.066572	1004										525	118	544	113	
1	0.365887	1015										544	113	
2	0.066704	1017										544	113	526	110	
1	0.099796	1020										526	110	
2	0.166348	1025										526	110	519	106	
1	0.133468	1029										519	106	
2	0.398996	1041										519	106	317	118	
1	0.266166	1049										317	118	
2	0.066661	1051										317	118	360	121	
1	0.232764	1058										360	121	
2	0.067036	1060										360	121	371	118	
1	0.166054	1065										371	118	
2	0.066526	1067										371	118	363	104	
1	0.366254	1078										363	104	
2	0.06641	1080										363	104	400	112	
1	0.266005	1088										400	112	
2	0.067254	1090										400	112	441	115	
1	0.19921	1096										441	115	
2	0.068038	1098										441	115	428	107	
1	0.171677	1103										428	107	
2	0.059636	1105										428	107	488	115	
1	0.399378	1117										488	115	
2	0.066807	1119										488	115	540	121	
1	0.133524	1123										540	121	
2	0.498494	1138										540	121	342	121	
1	0.13292	1142										342	121	
2	0.099883	1145										342	121	330	123	
1	0.201213	1151										330	123	
2	0.065704	1153										330	123	341	133	
1	0.165713	1158										341	133	
2	0.06667	1160										341	133	350	129	
1	0.167204	1165										350	129	
2	0.06591	1166										350	129	382	126	
1	0.099642	1169										382	126	
2	0.066657	1171										382	126	376	137	
1	0.133955	1176										376	137	
2	0.065704	1177										376	137	403	133	
1	0.133721	1181										403	133	
2	0.066516	1183										403	133	423	126	
1	0.165741	1188										423	126	
2	0.06652	1190										423	126	460	124	
1	0.199738	1196										460	124	
2	0.099604	1199										460	124	496	128	
1	0.067819	1201										496	128	
2	0.065331	1203										496	128	528	135	
1	0.066612	1205										528	135	
2	0.099931	1208										528	135	515	145	
1	0.199449	1214										515	145	
2	0.070804	1217										515	145	555	134	
1	0.128843	1220										555	134	
2	0.500287	1235										555	134	339	134	
1	0.099379	1238										339	134	
2	0.298983	1247										339	134	555	134	
1	0.266203	1255										555	134	
2	0.333364	1265										555	134	335	133	
1	0.332096	1275										335	133	
2	0.067875	1277										335	133	366	124	
1	0.331529	1287										366	124	
2	0.066377	1289										366	124	411	135	
1	0.066644	1291										411	135	
2	0.066589	1293										411	135	406	133	
1	0.199697	1299										406	133	
2	0.133501	1303										406	133	454	129	
1	0.565302	1320										454	129	
2	0.066666	1322										454	129	472	129	
1	0.300339	1331										472	129	
2	0.065857	1333										472	129	457	131	
1	0.166099	1338										457	131	
2	0.066643	1340										457	131	485	140	
1	0.200973	1346										485	140	
2	0.198251	1352										485	140	477	142	
1	0.133838	1356										477	142	
2	0.065923	1358										477	142	504	137	
1	0.233796	1365										504	137	
2	0.06563	1367										504	137	528	142	
1	0.066401	1369										528	142	
2	0.174032	1374										528	142	550	145	
1	0.125594	1378										550	145	
2	0.299864	1387										550	145	339	145	
1	0.199287	1393										339	145	
2	0.066538	1395										339	145	374	145	
1	0.199658	1401										374	145	
2	0.100008	1404										374	145	412	144	
1	0.366078	1415										412	144	
2	0.066446	1417										412	144	439	153	
1	0.099719	1420										439	153	
2	0.066782	1422										439	153	458	155	
1	0.266211	1430										458	155	
2	0.067428	1432										458	155	499	158	
1	0.099798	1435										499	158	
2	0.06544	1437										499	158	504	153	
1	0.199872	1443										504	153	
2	0.066431	1445										504	153	488	153	
1	0.101031	1448										488	153	
2	0.065412	1450										488	153	523	155	
1	0.266181	1458										523	155	
2	0.399297	1470										523	155	353	181	
1	0.166392	1475										353	181	
2	0.069711	1477										353	181	393	167	
1	0.230102	1484										393	167	
2	0.066191	1486										393	167	431	167	
1	0.232954	1493										431	167	
2	0.066552	1495										431	167	447	169	
1	0.133045	1499										447	169	
2	0.066691	1501										447	169	406	172	
1	0.166444	1506										406	172	
2	0.066918	1508										406	172	463	180	
1	0.24213	1515										463	180	
2	0.056875	1517										463	180	476	171	
1	0.099815	1520										476	171	
2	0.100302	1523										476	171	495	165	
1	0.066518	1525										495	165	
2	0.066125	1527										495	165	509	167	
1	0.232837	1534										509	167	
2	0.099951	1537										509	167	542	175	
1	0.199664	1543										542	175	
2	0.066502	1545										542	175	488	169	
1	0.267598	1553										488	169	
2	0.098778	1556										488	169	513	171	
1	0.332448	1566										513	171	
2	0.066682	1568										513	171	542	169	
1	0.199584	1574										542	169	
2	0.066344	1576										542	169	558	167	
1	0.26628	1584										558	167	
2	0.3329	1594										558	167	341	176	
1	0.399149	1606										341	176	
2	0.066965	1608										341	176	341	171	
1	0.09954	1611										341	171	
2	0.23371	1618										341	171	363	176	
1	0.132502	1622										363	176	
2	0.066744	1624										363	176	391	176	
1	0.333063	1634										391	176	
2	0.065907	1636										391	176	417	183	
1	0.233282	1643										417	183	
2	0.066035	1645										417	183	466	176	
1	0.19986	1651										466	176	
2	0.099766	1654										466	176	493	172	
1	0.233135	1661										493	172	
2	0.09999	1664										493	172	525	176	
1	0.199189	1670										525	176	
2	0.066762	1672										525	176	513	183	
1	0.066639	1674										513	183	
2	0.066448	1676										513	183	550	180	
1	0.09973	1679										550	180	
2	0.066704	1681										550	180	558	183	
1	0.10013	1684										558	183	
2	0.333474	1694										558	183	350	176	
1	0.132556	1698										350	176	
2	0.065994	1700										350	176	342	180	
1	0.066515	1702										342	180	
2	0.066704	1704										342	180	365	175	
1	0.10099	1707										365	175	
2	0.065515	1709										365	175	379	183	
1	0.166102	1714										379	183	
2	0.100697	1717										379	183	412	189	
1	0.198998	1723										412	189	
2	0.066393	1725										412	189	444	188	
1	0.099852	1728										444	188	
2	0.066558	1730										444	188	445	186	
1	0.133215	1734										445	186	
2	0.066404	1736										445	186	422	178	
1	0.333204	1746										422	178	
2	0.070773	1748										422	178	409	176	
1	0.196071	1754										409	176	
2	0.099936	1757										409	176	377	41	
1	0.131995	1760										377	41	
2	0.166212	1765										377	41	373	1	
1	0.166568	1770										373	1	
2	0.06652	1772										373	1	346	1	
1	0.099641	1775										346	1	
2	0.066816	1777										346	1	336	1	
1	0.06648	1779										336	1	
2	0.134232	1783										336	1	355	2	
1	0.19851	1789										355	2	
2	0.133155	1793										355	2	382	7	
1	0.100151	1796										382	7	
2	0.599293	1814										382	7	400	63	
1	0.066128	1816										400	63	
2	0.099412	1819										400	63	460	97	
1	0.233138	1826										460	97	
2	1.13158	1860										460	97	508	123	
1	0.166331	1865										508	123	
2	0.066823	1867										508	123	512	117	
1	0.132736	1871										512	117	
2	0.100166	1874										512	117	556	113	
1	0.066429	1876										556	113	
2	1.39822	1918										556	113	556	113	
1	0.265827	1926										556	113	
2	0.166211	1931										556	113	652	12	
1	0.066172	1933										652	12	
2	0.366073	1944										652	12	301	106	
1	0.071656	1946										301	106	
2	0.194619	1952										301	106	278	12	
1	0.066898	1954										278	12	
2	0.066283	1956										278	12	369	55	
1	0.066798	1958										369	55	
2	0.266275	1966										369	55	406	18	
1	0.099774	1969										406	18	
2	0.09967	1972										406	18	401	45	
1	0.299993	1981										401	45	
2	0.06592	1983										401	45	438	113	
1	0.166505	1988										438	113	
2	0.066486	1990										438	113	450	131	
1	0.200011	1996										450	131	
2	0.299154	2005										450	131	486	135	
1	0.100315	2008										486	135	
2	0.165753	2013										486	135	508	137	
1	0.09989	2016										508	137	
2	0.066399	2018										508	137	513	147	
1	0.235466	2025										513	147	
2	0.197307	2031										513	147	561	147	
1	0.09973	2034										561	147	
2	0.066597	2036										561	147	529	155	
1	0.066724	2038										529	155	
2	0.099785	2041										529	155	563	153	
1	0.266155	2049										563	153	
2	0.266181	2057										563	153	341	178	
1	0.166373	2062										341	178	
2	0.066653	2064										341	178	341	192	
1	0.166188	2069										341	192	
2	0.0682	2071										341	192	390	189	
1	0.199089	2077										390	189	
2	0.06565	2079										390	189	382	180	
1	0.067504	2081										382	180	
2	0.065809	2083										382	180	438	192	
1	0.132698	2087										438	192	
2	0.066885	2089										438	192	450	188	
1	0.266755	2097										450	188	
2	0.298799	2106										450	188	376	207	
1	0.067288	2108										376	207	
2	0.065778	2110										376	207	366	207	
1	0.13316	2114										366	207	
2	0.06663	2116										366	207	363	212	
1	0.066784	2118										363	212	
2	0.066141	2120										363	212	420	218	
1	0.133905	2124										420	218	
2	0.065649	2126										420	218	427	225	
1	0.067546	2128										427	225	
2	0.065863	2130										427	225	395	207	
1	0.099666	2133										395	207	
2	0.066895	2135										395	207	401	199	
1	0.066059	2137										401	199	
2	0.099876	2140										401	199	430	194	
1	0.133191	2144										430	194	
2	0.066646	2146										430	194	387	191	
1	0.233409	2153										387	191	
2	0.099341	2156										387	191	422	198	
1	0.166377	2161										422	198	
2	0.166382	2166										422	198	460	200	
1	0.133066	2170										460	200	
2	0.066893	2172										460	200	457	199	
1	0.099524	2175										457	199	
2	0.066577	2177										457	199	468	186	
1	0.200226	2183										468	186	
2	0.065939	2185										468	186	495	192	
1	0.266233	2193										495	192	
2	0.399309	2205										495	192	404	185	
1	0.068463	2207										404	185	
2	0.065216	2209										404	185	374	188	
1	0.133061	2213										374	188	
2	0.066005	2215										374	188	352	185	
1	0.233419	2222										352	185	
2	0.099407	2225										352	185	427	203	
1	0.233341	2232										427	203	
2	0.099481	2235										427	203	460	212	
1	0.133033	2239										460	212	
2	0.066748	2241										460	212	495	213	
1	0.066369	2243										495	213	
2	0.066355	2245										495	213	498	218	
1	0.100031	2248										498	218	
2	0.066523	2250										498	218	522	225	
1	0.132985	2254										522	225	
2	0.099923	2257										522	225	550	218	
1	0.36605	2268										550	218	
2	0.399379	2280										550	218	342	235	
1	0.133111	2284										342	235	
2	0.066967	2286										342	235	382	239	
1	0.099397	2289										382	239	
2	0.099982	2292										382	239	391	239	
1	0.099519	2295										391	239	
2	0.100252	2298										391	239	412	237	
1	0.16634	2303										412	237	
2	0.066342	2305										412	237	463	239	
1	0.337083	2315										463	239	
2	0.09557	2318										463	239	498	226	
1	0.199736	2324										498	226	
2	0.066644	2326										498	226	517	235	
1	0.166294	2331										517	235	
2	0.099553	2334										517	235	556	245	
1	0.166488	2338										556	245	
2	0.332968	2348										556	245	331	250	
1	0.099972	2351										331	250	
2	0.498786	2366										331	250	331	234	
1	0.174782	2372										331	234	
2	0.094998	2375										331	234	369	248	
1	0.09624	2377										369	248	
2	0.067808	2379										369	248	369	244	
1	0.065399	2381										369	244	
2	0.066538	2383										369	244	403	241	
1	0.233138	2390										403	241	
2	0.066338	2392										403	241	407	240	
1	0.066457	2394										407	240	
2	0.067989	2396										407	240	441	240	
1	0.131701	2400										441	240	
2	0.066656	2402										441	240	465	240	
1	0.366037	2413										465	240	
2	0.067425	2415										465	240	490	240	
1	0.175819	2421										490	240	
2	0.056242	2422										490	240	503	229	
1	0.167263	2427										503	229	
2	0.069068	2429										503	229	430	232	
1	0.097522	2432										430	232	
2	0.16528	2437										430	232	449	227	
1	0.100266	2440										449	227	
2	0.165941	2445										449	227	499	232	
1	0.299585	2454										499	232	
2	0.099747	2457										499	232	472	227	
1	0.1	2460										472	227	
2	0.066532	2462										472	227	504	239	
1	0.16623	2467										504	239	
2	0.066642	2469										504	239	529	237	
1	0.166728	2474										529	237	
2	0.066059	2476										529	237	536	240	
1	0.332817	2486										536	240	
2	0.066956	2488										536	240	533	239	
1	0.099384	2491										533	239	
2	0.066606	2493										533	239	573	245	
1	0.066539	2495										573	245	
2	0.366757	2506										573	245	339	245	
1	0.332094	2516										339	245	
2	0.066693	2518										339	245	374	245	
1	0.099839	2521										374	245	
2	0.100035	2524										374	245	376	253	
1	0.132578	2528										376	253	
2	0.066636	2530										376	253	382	248	
1	0.199718	2536										382	248	
2	0.066517	2538										382	248	404	241	
1	0.199651	2544										404	241	
2	0.067914	2546										404	241	430	241	
1	0.098584	2549										430	241	
2	0.09981	2552										430	241	422	240	
1	0.066625	2554										422	240	
2	0.066483	2556										422	240	452	243	
1	0.099858	2559										452	243	
2	0.066488	2561										452	243	471	243	
1	0.23286	2568										471	243	
2	0.066632	2570										471	243	504	253	
1	0.166486	2575										504	253	
2	0.066475	2577										504	253	479	250	
1	0.29953	2586										479	250	
2	0.066753	2588										479	250	510	250	
1	0.306005	2597										510	250	
2	0.093153	2600										510	250	544	251	
1	0.266641	2608										544	251	
2	0.498782	2623										544	251	349	275	
1	0.631976	2642										349	275	
2	0.067073	2644										349	275	341	266	
1	0.066273	2646										341	266	
2	0.066577	2648										341	266	553	262	
1	0.166971	2653										553	262	
2	0.299065	2662										553	262	342	275	
1	0.099535	2665										342	275	
2	0.066811	2667										342	275	369	267	
1	0.465668	2681										369	267	
2	0.066469	2683										369	267	369	277	
1	0.199762	2689										369	277	
2	0.099896	2692										369	277	349	262	
1	0.2002	2698										349	262	
2	0.099287	2701										349	262	385	262	
1	0.233648	2708										385	262	
2	0.065721	2710										385	262	398	264	
1	0.066522	2712										398	264	
2	0.066731	2714										398	264	418	270	
1	0.134535	2718										418	270	
2	0.064985	2720										418	270	427	305	
1	0.067492	2722										427	305	
2	0.066954	2724										427	305	461	310	
1	0.630932	2743										461	310	
2	0.066343	2745										461	310	479	297	
1	0.067218	2747										479	297	
2	0.067671	2749										479	297	504	297	
1	0.198906	2755										504	297	
2	0.498457	2770										504	297	465	322	
1	0.132989	2774										465	322	
2	0.066686	2776										465	322	490	311	
1	0.199468	2782										490	311	
2	0.066664	2784										490	311	539	304	
1	0.166296	2789										539	304	
2	0.107053	2792										539	304	503	295	
1	0.558511	2809										503	295	
2	0.066691	2811										503	295	564	311	
1	0.099663	2814										564	311	
2	0.066892	2816										564	311	558	315	
1	0.299327	2825										558	315	
2	0.066536	2827										558	315	544	305	
1	0.066413	2829										544	305	
2	0.798646	2853										544	305	534	240	
1	0.066604	2855										534	240	
2	0.46591	2869										534	240	641	162	
1	0.101083	2872										641	162	
2	0.198306	2878										641	162	342	208	
1	0.566668	2895										342	208	
2	0.099103	2898										342	208	385	227	
1	0.070393	2900										385	227	
2	0.129785	2904										385	227	396	264	
1	0.132508	2908										396	264	
2	0.06744	2910										396	264	404	259	
1	0.065606	2912										404	259	
2	0.066639	2914										404	259	403	250	
1	0.099657	2917										403	250	
2	0.133103	2921										403	250	363	251	
1	0.299513	2929										363	251	
2	0.066567	2931										363	251	420	270	
1	0.598975	2949										420	270	
2	0.066492	2951										420	270	458	266	
1	0.166535	2956										458	266	
2	0.066424	2958										458	266	445	235	
1	0.06651	2960										445	235	
2	0.632205	2979										445	235	483	245	
1	0.066963	2981										483	245	
2	0.133268	2985										483	245	522	245	
1	0.099541	2988										522	245	
2	0.465717	3002										522	245	515	239	
1	0.100079	3005										515	239	
2	0.166758	3010										515	239	563	232	
1	0.199033	3016										563	232	
2	0.40003	3028										563	232	346	237	
1	0.065813	3030										346	237	
2	0.099767	3033										346	237	344	254	
1	0.099924	3036										344	254	
2	0.099896	3039										344	254	382	246	
1	0.303533	3048										382	246	
2	0.09793	3051										382	246	414	256	
1	0.098374	3054										414	256	
2	0.099694	3057										414	256	442	256	
1	0.132354	3061										442	256	
2	0.066968	3063										442	256	441	254	
1	0.066366	3065										441	254	
2	0.066495	3067										441	254	444	261	
1	0.133009	3071										444	261	
2	0.066466	3073										444	261	485	256	
1	0.266344	3081										485	256	
2	0.067689	3083										485	256	503	251	
1	0.198577	3089										503	251	
2	0.066509	3091										503	251	506	270	
1	0.066673	3093										506	270	
2	0.066263	3095										506	270	525	273	
1	0.100083	3098										525	273	
2	0.100034	3101										525	273	556	286	
1	0.099818	3104										556	286	
2	0.068768	3106										556	286	574	291	
1	0.064302	3108										574	291	
2	0.399072	3120										574	291	346	286	
1	0.167708	3125										346	286	
2	0.065201	3127										346	286	346	292	
1	0.099866	3130										346	292	
2	0.066635	3132										346	292	384	299	
1	0.266139	3140										384	299	
2	0.067075	3142										384	299	431	300	
1	0.266205	3150										431	300	
2	0.099556	3153										431	300	431	280	
1	0.100251	3156										431	280	
2	0.099408	3159										431	280	469	292	
1	0.19946	3165										469	292	
2	0.066468	3167										469	292	508	300	
1	0.199877	3173										508	300	
2	0.066391	3175										508	300	526	300	
1	0.366221	3186										526	300	
2	0.06699	3188										526	300	547	304	
1	0.299666	3197										547	304	
2	0.065638	3199										547	304	499	302	
1	0.166471	3204										499	302	
2	0.067382	3206										499	302	523	305	
1	0.099096	3209										523	305	
2	0.066945	3211										523	305	549	308	
1	0.165847	3216										549	308	
2	0.36775	3227										549	308	331	321	
1	0.19841	3233										331	321	
2	0.066149	3235										331	321	406	322	
1	0.332813	3245										406	322	
2	0.931743	3273										406	322	110	140	
1	0.066742	3275										110	140	
2	0.099644	3278										110	140	235	107	
1	0.100984	3281										235	107	
2	0.298647	3290										235	107	362	123	
1	0.166091	3295										362	123	
2	0.299823	3304										362	123	362	123	
1	0.099483	3307										362	123	
