1	0.067438	2	0	463	461	943	453	978	800	461	815	136	96
2	0.098966	4	0	463	461	943	453	977	800	461	816	138	94	168	90	35
2	0.066888	6	0	467	461	943	453	978	800	461	815	162	95	168	89	9
1	0.166305	11	0	470	460	946	450	981	799	464	815	169	84
2	0.100312	14	0	470	460	946	450	976	799	463	815	173	83	236	83	70
1	0.299161	23	0	465	461	945	451	980	800	461	816	238	84
2	0.365602	25	0	469	463	945	452	980	802	463	818	240	73	251	74	13
1	0.099874	37	0	469	456	944	443	975	795	463	811	46	106
2	0.432935	39	0	470	457	945	445	977	805	463	812	53	113	120	108	72
2	0.066255	52	0	467	461	941	451	976	799	459	814	99	102	105	97	9
1	0.100428	55	0	466	462	941	451	975	800	459	815	108	94
2	0.065788	57	0	462	459	940	447	975	798	460	812	103	107	108	97	10
1	0.066636	59	0	463	451	938	440	972	790	457	804	106	99
2	0.066543	61	0	461	449	936	439	971	790	456	803	109	101	137	97	32
1	0.134055	65	0	459	452	937	442	971	792	456	805	150	86
2	0.098823	68	0	457	451	935	440	969	791	454	803	147	93	139	85	9
1	0.099986	71	0	456	454	932	437	967	788	452	807	144	80
2	0.066418	73	0	453	446	931	431	964	783	449	802	145	86	191	96	51
1	0.166372	78	0	453	449	930	430	963	783	447	803	191	95
2	0.100006	81	0	452	449	928	428	961	778	447	802	190	99	234	98	48
1	0.13309	85	0	453	447	930	431	962	776	449	800	229	97
2	0.366007	87	0	453	447	930	431	963	780	449	799	229	92	227	100	9
2	0.066645	98	0	456	447	933	430	965	776	451	801	44	120	36	121	10
1	0.133531	102	0	457	449	934	432	966	777	452	802	49	116
2	0.099636	105	0	458	450	935	433	967	778	453	795	78	117	115	121	43
1	0.365732	116	0	461	448	937	438	971	789	457	809	110	119
2	0.465886	118	0	462	445	939	434	972	784	458	798	106	127	150	120	50
2	0.066405	132	0	464	451	942	434	976	786	460	798	210	103	241	91	35
1	0.399859	135	0	463	453	942	436	976	788	460	808	236	97
1	0.199304	150	0	466	440	945	430	979	781	463	794	39	136
2	0.066538	152	0	467	442	945	431	979	782	463	796	36	132	109	134	84
1	0.199577	158	0	466	449	945	432	979	783	463	796	122	129
2	0.09994	161	0	466	448	945	431	978	782	462	794	119	126	170	122	41
2	0.066604	163	0	467	441	946	424	980	776	462	788	169	125	231	120	70
1	0.299314	172	0	469	438	947	421	981	773	463	786	221	121
2	0.067278	174	0	469	438	947	421	981	773	463	785	209	121	193	127	20
1	0.133121	178	0	470	432	949	421	983	772	466	785	196	125
2	0.099185	181	0	475	434	955	418	988	768	469	782	191	116	250	116	54
1	0.46604	185	0	471	430	951	406	985	766	471	785	252	123
1	0.199647	201	0	463	426	945	405	977	757	463	782	29	144
2	0.100134	203	0	458	427	942	406	974	756	461	781	39	142	94	139	64
2	0.065959	206	0	460	427	942	405	975	758	460	782	92	139	92	150	10
1	0.066904	208	0	460	428	941	407	975	759	460	784	92	142
2	0.066219	210	0	459	427	937	407	974	759	459	783	94	138	52	144	48
1	0.199808	216	0	455	427	936	407	973	759	458	782	57	145
2	0.066877	218	0	456	427	936	406	974	759	459	783	83	152	145	144	70
1	0.200141	224	0	459	430	936	410	973	762	459	786	142	144
2	0.731166	226	0	459	431	936	410	973	763	459	788	157	144	222	141	77
2	0.067065	248	0	465	435	947	418	979	766	462	791	23	160	16	170	13
1	0.065978	250	0	465	435	946	413	979	766	465	790	21	163
2	0.066711	252	0	464	434	946	417	979	771	458	791	28	162	63	180	43
1	0.19996	258	0	463	435	944	413	977	766	463	791	70	179
2	0.066197	260	0	463	434	944	417	976	765	459	791	84	182	120	182	42
1	0.133205	264	0	463	434	945	417	976	765	459	790	119	176
2	0.066354	266	0	463	434	944	417	976	765	459	791	136	175	168	172	35
1	0.166534	271	0	464	434	946	417	978	765	464	791	168	168
2	0.066438	273	0	465	434	947	417	979	765	461	791	164	171	187	173	26
1	0.23303	280	0	464	428	947	405	981	768	464	786	191	169
2	0.100417	283	0	464	428	947	406	980	766	464	785	193	167	231	163	39
1	0.132567	287	0	464	426	946	403	979	757	464	782	229	164
2	0.099641	290	0	464	426	948	405	981	761	464	782	227	164	249	155	25
1	0.133302	294	0	464	425	948	408	980	755	464	781	245	158
2	0.066358	296	0	464	422	947	400	980	754	464	779	245	161	220	162	27
1	0.499217	301	0	465	426	948	404	980	756	465	781	223	161
1	0.09986	314	0	464	427	946	404	978	757	464	783	228	150
2	0.466463	316	0	463	426	945	405	978	757	463	783	240	152	256	156	18
2	0.066387	330	0	462	431	944	408	977	761	462	786	47	185	38	188	11
1	0.099729	333	0	463	431	944	409	979	770	463	784	34	195
2	0.06622	335	0	464	431	945	409	978	762	459	787	39	188	75	193	41
1	0.831932	360	0	461	433	944	416	976	764	461	789	128	181
2	0.732205	362	0	460	434	942	417	974	766	460	791	166	178	236	173	79
1	0.399377	394	0	451	430	932	411	973	764	454	787	62	205
2	0.066382	396	0	449	430	931	410	968	765	453	786	57	213	86	196	35
1	0.166427	401	0	452	429	934	409	974	762	456	785	110	198
2	0.066809	403	0	451	428	934	408	974	762	455	784	129	202	183	189	65
1	0.133501	407	0	451	428	932	408	972	762	454	783	187	187
2	0.065794	409	0	451	428	932	408	972	762	454	784	181	184	125	196	69
1	0.099899	412	0	448	428	931	408	971	761	453	784	126	196
2	0.100055	415	0	450	431	931	411	968	767	454	787	124	193	120	213	24
1	0.266788	420	0	451	435	931	414	972	768	454	790	115	201
1	0.198963	429	0	451	432	932	412	973	765	455	787	111	200
2	0.066641	431	0	451	430	932	410	973	764	455	786	114	200	170	200	63
1	0.132907	435	0	451	431	933	411	974	764	454	786	174	200
2	0.099979	438	0	451	430	934	410	975	763	456	786	171	209	151	196	16
1	0.133156	442	0	453	429	936	409	977	763	458	786	150	198
2	0.665444	444	0	455	429	936	409	973	761	458	785	151	194	206	193	63
1	0.366038	473	0	448	429	929	409	966	762	452	784	89	218
2	0.099851	475	0	449	430	929	409	966	763	452	785	103	218	67	227	42
2	0.099821	478	0	447	429	929	409	966	762	452	784	71	226	75	214	14
2	0.066967	481	0	448	429	929	409	966	763	452	784	75	213	66	227	18
1	0.066159	483	0	450	430	930	409	967	764	453	785	67	225
2	0.066961	485	0	448	430	930	409	967	763	453	785	70	221	116	221	53
1	0.199106	491	0	451	432	931	411	968	765	455	787	148	219
2	0.066739	493	0	449	431	931	410	968	764	454	786	162	215	191	215	33
1	0.066919	495	0	451	430	931	410	968	764	454	786	189	210
2	0.066165	497	0	451	431	931	411	968	765	454	787	191	203	210	208	21
1	0.698899	505	0	449	431	931	412	968	765	454	787	214	211
1	0.099757	521	0	452	435	931	415	969	769	455	791	211	207
2	0.099779	523	0	451	436	932	416	969	769	455	792	219	217	212	205	14
2	0.067264	526	0	451	436	932	415	973	768	455	791	214	207	210	222	15
1	0.165885	531	0	454	436	933	416	970	769	456	792	213	204
2	0.066316	533	0	457	438	934	418	971	769	457	793	213	205	231	205	19
1	0.133111	537	0	452	437	934	417	974	770	457	794	230	212
2	0.366025	539	0	458	439	935	417	972	770	458	794	233	207	227	231	25
1	0.16625	553	0	460	438	941	418	974	768	460	793	42	235
2	0.100239	556	0	460	438	940	416	973	769	456	794	37	258	120	232	30
1	0.232616	563	0	460	438	940	416	973	769	460	794	116	230
2	0.066871	565	0	460	438	941	419	974	769	460	793	109	243	145	234	42
1	0.465513	569	0	460	439	936	417	973	769	460	794	149	224
2	0.39941	581	0	458	437	934	416	971	768	458	792	243	231	239	216	15
2	0.06647	592	0	461	437	941	415	974	767	461	792	38	245	29	253	14
1	0.133241	596	0	460	435	941	418	973	765	456	791	34	248
2	0.099736	598	0	460	436	941	419	973	766	456	791	31	251	87	257	66
2	0.066629	601	0	460	436	940	414	972	766	455	791	97	247	99	237	11
1	0.066425	603	0	459	435	941	418	972	765	454	790	98	244
2	0.066741	605	0	459	435	941	418	972	766	455	791	95	244	124	247	33
1	0.266995	613	0	459	438	940	421	973	768	454	793	137	245
2	0.066049	615	0	459	438	938	416	972	768	455	793	146	250	182	244	42
1	0.099752	618	0	457	439	938	417	971	769	457	794	179	238
2	0.066423	620	0	457	440	933	418	970	770	457	795	183	231	183	256	26
1	0.532202	627	0	455	439	931	418	968	771	455	794	215	249
2	0.066555	638	0	456	436	932	417	968	768	452	791	51	262	46	269	9
1	0.100184	641	0	456	434	937	417	969	764	452	789	48	262
2	0.498745	643	0	455	432	935	410	968	763	451	788	47	275	106	264	71
2	0.066617	658	0	449	423	929	412	964	765	446	778	144	250	143	239	11
1	0.066592	660	0	452	426	931	412	966	764	448	777	143	239
2	0.100716	662	0	452	421	932	411	967	763	448	776	139	254	176	248	42
2	0.065862	665	0	451	427	932	410	967	763	448	776	178	254	187	247	14
1	0.099816	668	0	452	429	931	412	966	765	448	777	184	249
2	0.066443	670	0	451	426	932	411	967	765	449	777	208	281	237	245	52
1	0.166294	675	0	452	422	933	411	968	762	449	777	234	249
2	0.100206	678	0	452	423	933	412	968	765	450	777	237	245	210	246	27
1	0.133174	682	0	452	423	933	412	968	763	450	777	208	251
2	0.066427	684	0	454	423	933	412	969	763	450	777	210	246	213	268	24
1	0.066206	686	0	453	423	933	412	969	763	450	778	209	256
2	0.067253	688	0	452	422	933	411	968	763	450	777	209	249	245	247	40
1	0.332815	690	0	454	423	933	412	969	763	450	778	241	250
1	0.232191	705	0	454	426	935	412	970	765	451	777	47	272
2	0.066728	707	0	454	429	934	412	969	765	450	777	60	271	71	272	12
1	0.099699	710	0	454	423	934	412	969	765	450	777	69	277
2	0.100542	713	0	453	423	934	412	969	765	451	777	64	280	120	282	61
1	0.365312	716	0	455	427	934	413	969	765	451	778	121	273
2	0.099778	726	0	454	425	932	414	967	765	449	779	178	265	176	275	12
2	0.067328	729	0	452	425	932	414	967	767	449	779	176	266	185	258	14
1	0.531614	736	0	449	430	929	420	963	770	446	784	225	258
1	0.267193	753	0	449	428	930	417	963	768	446	783	82	292
2	0.065573	755	0	449	429	929	419	964	771	445	783	102	299	105	286	14
2	0.066712	757	0	449	435	929	419	964	771	446	791	106	275	100	310	38
1	0.266422	765	0	449	436	928	420	962	772	445	784	145	285
2	0.067561	767	0	448	435	928	419	963	771	444	783	160	275	203	289	51
1	0.165077	772	0	448	434	927	418	961	764	443	782	209	280
2	0.06652	774	0	448	435	928	419	961	765	444	783	206	285	213	271	17
1	0.166587	779	0	447	428	928	418	961	764	444	782	199	280
2	0.067204	781	0	449	434	930	417	964	769	445	782	196	278	203	290	15
2	0.099414	783	0	452	433	930	416	966	769	447	781	201	297	195	284	15
2	0.099693	786	0	453	426	933	415	968	767	449	780	198	272	198	297	26
2	0.066661	789	0	454	426	933	415	968	767	450	781	199	290	228	269	40
1	0.066457	791	0	453	426	933	415	969	767	450	781	220	285
2	0.066502	793	0	456	425	933	415	969	766	450	780	232	292	224	275	21
1	0.432423	796	0	453	426	932	414	967	766	449	780	227	280
1	0.199694	812	0	454	426	933	415	968	767	449	780	38	304
2	0.099829	815	0	455	428	936	417	971	770	452	783	21	336	114	294	85
1	0.299355	824	0	460	432	941	418	976	770	457	785	120	297
2	0.432806	826	0	467	437	945	420	981	781	461	788	145	290	153	309	22
2	0.367074	839	0	473	432	954	420	980	771	465	788	189	279	185	293	18
1	0.332093	851	0	471	430	947	418	978	769	464	785	73	297
1	0.066067	860	0	467	428	952	416	977	766	464	782	71	315
2	0.066656	862	0	465	429	946	416	976	767	462	782	77	312	71	332	23
1	0.232901	866	0	467	426	944	415	975	766	462	781	102	333
1	0.100042	872	0	463	426	943	415	978	766	460	781	126	337
2	0.066483	874	0	463	428	943	416	978	767	460	781	136	337	185	323	58
1	0.133202	878	0	462	428	942	417	978	768	459	782	183	324
2	0.59868	880	0	461	429	942	417	976	766	458	781	184	328	199	360	38
1	0.099951	899	0	465	430	944	413	979	764	462	778	45	343
2	0.066664	901	0	465	430	944	413	979	765	462	778	42	360	95	348	62
1	0.2659	906	0	466	430	944	413	979	764	461	779	100	342
1	0.233095	916	0	463	448	943	431	976	783	458	795	159	334
2	0.066486	918	0	463	447	942	430	975	781	458	794	172	373	227	352	68
1	0.665448	924	0	460	446	941	429	974	782	457	801	220	358
1	0.332882	945	0	461	444	941	427	976	780	458	792	82	368
2	0.066385	950	0	463	442	943	425	978	778	459	790	107	359	104	374	17
1	0.532775	957	0	465	438	944	421	978	773	461	786	165	369
1	0.898307	979	0	464	433	944	416	978	768	459	781	68	369
1	0.333191	995	0	462	433	941	416	975	767	458	781	140	371
2	0.066424	1005	0	459	429	940	417	974	771	455	783	193	371	210	363	21
1	0.232558	1012	0	458	435	939	418	973	771	455	783	227	369
2	0.399343	1014	0	459	435	939	418	973	770	455	782	221	356	176	363	53
1	0.266366	1029	0	459	432	939	414	973	767	454	780	65	391
2	0.066441	1034	0	460	433	939	416	974	770	455	781	100	389	92	397	13
1	0.199952	1036	0	457	433	937	409	968	763	453	780	124	390
2	0.066343	1042	0	457	436	937	417	969	765	453	783	154	400	195	403	48
1	0.166713	1044	0	457	436	937	419	970	772	453	791	201	389
1	0.36555	1049	0	458	433	937	411	971	762	454	780	234	389
1	0.299438	1061	0	457	428	937	406	970	758	452	776	53	418
1	0.831926	1074	0	460	426	941	406	975	762	457	773	59	420
2	0.067371	1094	0	459	428	939	409	972	758	456	776	156	432	162	412	22
1	0.165657	1096	0	457	428	938	409	972	765	452	784	156	413
2	0.099766	1102	0	456	429	936	407	970	759	450	785	216	410	231	414	19
1	0.166556	1104	0	455	429	936	407	970	759	451	785	217	402
2	0.499077	1109	0	454	431	934	408	968	761	454	786	217	422	183	408	42
2	0.399918	1124	0	452	431	932	410	966	763	452	787	186	387	178	403	19
1	0.065989	1136	0	453	428	934	406	966	759	453	783	69	45
2	0.399187	1138	0	453	428	934	408	966	758	453	782	63	54	52	65	18
2	0.067554	1150	0	453	428	934	407	966	760	453	784	208	407	237	397	35
2	0.099096	1153	0	452	430	933	409	966	761	452	784	239	407	267	414	49
1	0.166267	1158	0	451	431	927	411	964	763	451	786	272	410
2	0.066737	1160	0	451	431	931	410	964	763	451	786	261	308	307	60	264
1	0.199325	1166	0	450	430	931	409	964	763	450	786	316	59
2	0.066752	1168	0	450	431	931	410	963	763	450	786	314	52	286	63	33
1	0.066509	1170	0	449	431	925	411	962	763	449	786	299	64
2	0.099832	1173	0	436	429	917	408	955	762	440	790	309	68	368	60	42
1	0.266347	1180	0	419	439	900	412	941	763	422	795	382	56
2	0.099997	1183	0	381	439	866	410	906	757	385	800	398	67	404	58	18
1	0.199414	1189	0	335	436	817	397	866	754	344	792	443	71
2	0.066369	1191	0	339	437	822	403	867	746	347	791	403	64	345	68	65
1	0.566345	1198	0	343	428	827	394	875	749	352	791	345	67
2	0.06594	1210	0	358	423	837	395	880	749	364	786	488	73	483	66	9
1	0.20084	1216	0	355	431	837	403	882	752	364	793	511	59
2	0.098818	1219	0	361	433	842	405	889	752	369	795	413	79	311	85	130
1	0.232852	1226	0	361	440	842	413	888	760	371	801	312	77
2	0.132991	1230	0	362	442	844	414	891	761	373	802	308	79	374	79	55
1	0.100125	1233	0	362	439	843	412	885	756	373	799	372	85
2	0.399017	1235	0	366	436	844	408	884	758	370	787	378	84	421	85	49
2	0.066608	1247	0	267	497	733	468	772	811	267	850	470	76	469	86	10
1	0.066719	1249	0	265	503	732	477	771	815	261	855	470	78
2	0.06639	1251	0	281	501	748	476	788	818	276	854	452	80	465	78	14
2	0.067198	1253	0	285	491	753	472	789	813	282	843	463	85	379	104	92
1	0.265704	1261	0	332	511	794	487	833	826	328	856	310	96
2	0.099592	1263	0	333	506	796	482	834	820	329	851	313	100	295	100	18
2	0.066576	1266	0	335	502	798	477	837	816	335	847	295	100	294	109	9
2	0.066875	1268	0	345	500	805	476	847	816	345	846	284	102	390	98	115
1	0.199781	1274	0	339	489	805	459	845	806	334	835	414	105
2	0.066302	1276	0	339	483	806	460	844	801	339	831	415	105	436	100	23
1	0.100081	1279	0	342	472	808	453	844	794	339	825	434	100
2	0.066347	1281	0	333	467	803	447	835	788	330	818	449	96	488	92	44
1	0.066924	1283	0	327	467	795	447	829	789	324	819	495	90
2	0.398682	1285	0	319	467	785	448	821	789	315	818	505	96	488	92	18
1	0.133232	1299	0	365	460	832	449	864	791	359	814	282	106
2	0.066533	1301	0	368	469	834	453	867	795	362	817	297	104	356	109	64
1	0.133063	1305	0	363	463	832	447	868	790	360	809	359	111
2	0.100035	1308	0	366	458	834	438	870	787	362	806	356	109	315	112	46
1	0.133088	1312	0	366	454	842	435	874	781	364	802	309	112
2	0.066492	1314	0	367	447	841	426	873	776	363	796	318	117	369	122	57
1	0.199694	1320	0	362	440	834	419	869	762	357	796	371	116
2	0.09967	1322	0	361	440	832	421	868	763	356	797	369	105	367	118	13
2	0.06661	1325	0	361	441	831	422	867	765	357	797	376	109	431	112	61
1	0.233325	1332	0	362	437	837	417	870	761	357	788	424	112
2	0.066452	1334	0	363	437	839	417	871	768	359	792	430	108	476	117	52
1	0.698435	1337	0	364	439	839	418	872	770	358	790	476	115
1	0.399428	1367	0	364	445	840	426	872	776	360	795	366	94
2	0.066579	1369	0	365	446	840	425	872	777	360	803	366	104	448	108	90
1	0.166416	1374	0	366	444	836	424	873	775	361	794	453	112
2	0.432435	1376	0	365	444	840	424	872	776	360	795	454	107	514	124	68
2	0.06673	1389	0	359	439	830	421	866	764	359	793	295	130	300	118	12
1	0.099699	1392	0	359	440	830	421	866	765	359	795	297	123
2	0.100474	1395	0	359	442	829	424	865	768	359	798	311	118	355	118	48
1	0.233047	1402	0	358	447	829	423	865	767	358	797	357	119
2	0.066334	1404	0	359	447	830	423	866	767	359	798	379	119	417	121	41
1	0.565173	1408	0	359	442	830	423	866	767	359	798	415	120
1	0.366179	1429	0	362	448	833	428	869	772	362	805	463	119
1	0.199783	1438	0	364	447	835	427	871	771	359	804	412	124
2	0.068248	1440	0	364	446	835	427	871	771	364	804	409	120	409	132	12
2	0.098589	1442	0	364	447	835	427	871	771	360	804	414	129	510	132	112
2	0.399203	1445	0	357	448	835	428	871	772	360	804	513	117	514	130	13
1	0.099533	1458	0	363	447	834	427	870	771	358	804	328	144
2	0.067035	1460	0	363	449	833	429	869	773	359	806	332	138	323	141	9
2	0.065886	1462	0	362	450	833	430	869	774	356	807	326	138	362	147	42
1	0.465804	1464	0	362	450	833	430	869	775	362	807	359	145
2	0.066692	1478	0	359	454	831	430	867	775	359	805	415	122	458	131	47
1	0.100556	1481	0	359	448	831	429	867	774	359	804	470	126
2	0.065646	1483	0	359	453	831	429	867	774	359	804	472	127	473	138	11
1	0.099789	1486	0	358	451	829	427	866	772	358	801	474	131
2	0.066771	1488	0	357	451	828	426	867	772	357	801	475	140	432	130	47
1	0.332632	1498	0	351	451	828	421	869	771	357	801	446	133
2	0.399374	1500	0	351	452	828	421	868	772	356	802	500	131	530	140	36
1	0.133044	1514	0	352	450	829	420	866	771	357	800	305	149
2	0.067473	1516	0	351	449	829	419	869	769	357	798	308	155	353	157	49
1	0.165514	1521	0	352	450	828	419	868	771	356	800	357	154
2	0.066468	1523	0	358	452	831	428	869	773	358	802	352	149	405	154	58
1	0.765555	1525	0	359	454	832	430	870	776	359	805	406	150
1	0.532533	1552	0	360	452	838	427	878	773	365	803	492	148
1	0.067276	1564	0	358	454	835	429	874	775	362	805	308	176
2	0.065806	1566	0	357	454	834	429	874	775	362	805	321	172	364	160	50
1	0.166448	1571	0	357	453	834	428	873	774	361	804	364	167
2	0.066232	1573	0	361	453	834	428	874	783	361	804	353	166	315	164	43
1	0.399818	1576	0	360	453	833	428	871	774	360	804	313	166
1	0.432101	1589	0	359	469	831	439	871	796	359	826	430	145
2	0.066644	1600	0	358	501	829	476	868	823	358	854	414	136	410	168	32
1	0.19977	1606	0	357	517	826	492	866	837	353	869	415	148
2	0.099613	1609	0	355	516	825	491	865	836	350	867	441	168	471	152	41
1	0.133133	1613	0	354	514	825	486	864	835	350	865	473	154
2	0.066604	1615	0	355	514	825	487	864	835	351	866	467	156	472	168	14
1	0.232988	1622	0	354	508	825	478	864	828	350	859	492	162
2	0.432629	1624	0	355	507	825	482	864	828	350	858	498	152	522	168	32
1	0.166385	1640	0	360	496	830	471	869	815	356	847	309	182
2	0.099832	1643	0	360	494	831	470	869	814	354	846	311	180	361	184	36
1	0.299497	1652	0	358	490	829	465	869	810	353	842	366	177
2	0.099667	1654	0	357	487	828	457	868	807	351	838	396	176	453	181	64
2	0.199611	1657	0	356	482	828	457	867	803	356	832	456	190	446	174	19
1	0.166421	1665	0	351	463	828	438	866	783	355	813	484	178
2	0.199807	1668	0	349	461	827	431	866	782	355	811	488	167	496	177	13
1	0.100691	1675	0	349	462	827	437	866	782	355	812	344	184
2	0.065709	1677	0	349	461	826	431	866	782	355	812	345	185	318	200	35
1	0.0674	1679	0	349	461	826	432	866	782	355	812	311	199
2	0.098906	1681	0	350	462	828	437	866	783	355	813	308	196	314	187	11
2	0.399426	1684	0	351	461	827	432	867	782	355	811	311	200	367	193	63
1	0.23286	1698	0	349	461	827	431	866	782	355	811	401	167
1	0.266123	1709	0	356	459	828	430	868	781	356	810	338	208
2	0.066659	1711	0	351	459	827	430	868	780	355	810	341	210	352	203	15
1	0.066603	1713	0	351	459	827	429	868	780	355	809	366	209
2	0.099617	1716	0	349	458	827	428	867	779	355	809	360	223	406	209	22
1	0.23304	1723	0	350	459	826	429	867	781	354	810	408	208
2	0.066636	1725	0	349	460	827	429	867	781	355	810	407	202	441	201	38
1	0.200676	1728	0	349	459	827	429	867	781	355	810	468	203
1	0.365026	1733	0	351	460	827	430	867	782	355	811	507	201
1	0.10022	1745	0	351	460	829	431	868	782	357	811	305	218
2	0.066162	1747	0	353	460	830	430	869	781	357	811	328	222	363	230	41
1	0.299952	1753	0	359	456	832	428	868	778	359	806	363	225
1	0.33232	1761	0	359	455	831	428	867	777	359	805	399	218
1	0.266131	1773	0	347	458	824	430	864	781	352	809	441	222
2	0.19999	1775	0	347	460	822	431	861	783	351	818	470	221	471	210	12
2	0.365697	1781	0	348	463	823	434	862	786	351	814	522	219	536	238	26
1	0.632722	1793	0	348	463	825	434	863	785	353	814	322	236
1	0.199193	1815	0	348	461	825	431	864	783	353	811	334	217
2	0.066507	1817	0	349	460	827	437	864	784	353	820	336	230	366	230	32
1	0.565707	1831	0	347	461	824	432	863	784	351	819	432	214
2	0.399451	1836	0	347	459	824	431	863	783	351	818	499	213	522	207	27
2	0.06666	1848	0	348	458	821	430	863	773	353	809	351	227	351	236	9
1	0.100357	1851	0	348	458	825	430	863	773	352	817	349	221
2	0.099252	1854	0	349	458	826	430	864	773	353	809	348	234	382	228	21
1	0.133212	1858	0	349	458	821	429	863	773	353	815	380	232
2	0.06655	1860	0	349	458	821	430	864	783	353	814	389	220	418	209	34
1	0.33261	1867	0	349	458	822	430	865	782	353	817	416	206
1	0.099885	1873	0	349	458	827	429	864	773	354	809	388	238
2	0.066423	1875	0	350	458	827	430	865	782	353	817	389	227	412	230	26
1	0.166292	1880	0	349	460	825	431	864	774	354	810	415	235
2	0.266439	1882	0	349	459	827	431	865	782	354	810	416	241	486	233	77
1	0.166182	1893	0	346	459	824	430	862	783	351	817	486	236
2	0.066718	1895	0	347	460	824	432	862	784	351	819	504	237	524	240	23
1	0.266427	1900	0	346	460	819	431	862	783	351	817	486	241
1	0.232608	1910	0	349	458	821	430	863	773	353	816	488	242
2	0.099811	1913	0	351	457	823	429	865	772	355	815	505	237	525	249	16
1	0.133396	1917	0	347	457	820	429	862	777	351	815	540	246
2	0.099638	1920	0	345	458	818	430	861	783	349	815	548	246	492	230	23
1	0.266512	1928	0	345	459	817	427	860	771	349	813	460	239
2	0.798269	1930	0	345	455	817	427	860	770	349	812	462	254	459	233	24
1	0.332877	1962	0	347	460	819	427	862	770	350	812	386	255
2	0.100049	1964	0	347	453	820	425	862	769	350	811	404	253	465	254	67
1	0.400088	1969	0	348	454	821	425	864	769	351	812	464	252
1	0.165394	1982	0	350	454	822	426	865	769	353	812	450	247
2	0.066393	1984	0	349	454	821	426	864	770	353	812	470	239	511	243	47
1	0.465876	1986	0	349	454	821	426	864	770	353	812	513	250
2	0.066653	2000	0	344	457	821	429	860	781	348	816	317	256	310	267	14
1	0.532546	2003	0	343	457	816	430	858	772	347	816	319	277
1	0.099615	2019	0	342	462	815	429	857	772	345	814	431	268
2	0.066618	2021	0	343	456	815	429	857	772	346	815	432	291	426	261	33
1	0.133046	2025	0	343	459	816	429	858	771	347	814	425	260
2	0.06666	2027	0	343	455	815	428	858	771	346	813	442	274	505	254	70
1	0.066787	2029	0	344	462	817	429	859	772	347	814	509	256
2	0.399651	2031	0	344	456	817	429	859	772	347	815	505	251	509	269	20
2	0.099985	2043	0	344	453	817	425	859	769	347	812	315	270	311	281	11
2	0.065985	2046	0	345	454	817	425	859	769	349	812	312	282	363	275	58
1	0.133823	2050	0	346	453	819	424	861	768	349	811	366	288
2	0.098844	2053	0	345	453	817	425	859	769	348	811	378	295	385	272	20
1	0.166431	2058	0	344	459	817	425	861	779	347	812	399	267
2	0.067029	2060	0	344	459	816	426	860	779	347	813	390	288	445	280	62
1	0.0665	2062	0	344	460	816	427	858	769	347	812	454	270
2	0.066548	2064	0	344	452	817	424	859	768	347	810	453	285	442	300	20
1	0.066275	2066	0	344	458	817	424	861	778	347	811	462	284
2	0.099965	2068	0	345	458	818	424	860	768	348	809	468	301	457	282	25
1	0.532795	2077	0	346	459	818	425	860	768	349	810	516	279
2	0.099296	2088	0	346	446	820	414	862	759	349	801	304	306	364	290	21
1	0.665521	2096	0	344	448	819	414	861	758	350	799	367	297
1	0.96507	2114	0	342	451	815	418	858	762	348	802	368	289
2	0.066477	2139	0	334	447	808	411	856	770	340	802	329	303	386	308	67
1	0.099831	2142	0	334	446	809	413	854	760	340	798	386	307
2	0.067104	2144	0	334	447	808	410	855	761	340	799	387	307	383	333	30
1	0.232441	2148	0	334	447	808	411	855	762	340	799	413	304
1	0.46592	2154	0	333	447	809	411	855	761	342	799	461	300
1	0.266115	2169	0	333	448	810	412	856	761	342	801	312	338
2	0.066792	2175	0	334	451	810	413	857	765	343	804	373	336	371	318	19
1	0.39907	2177	0	333	454	811	421	857	768	343	807	367	311
2	0.099928	2190	0	307	548	774	502	823	856	309	910	473	73	450	65	26
1	0.433302	2203	0	239	342	715	544	778	886	253	608	561	17
2	0.06606	2205	0	240	344	715	546	778	887	253	606	555	28	563	34	14
