1	0.100016	3	0	454	450	948	420	969	774	476	802	85	123
2	0.097901	4	0	454	450	948	420	970	774	476	802	78	126	85	114	16
2	0.066374	7	0	455	450	948	420	969	774	476	802	86	114	80	122	11
1	0.266267	15	0	454	449	949	419	970	771	476	801	80	122
2	0.066507	17	0	456	449	949	419	970	773	477	801	77	121	136	127	66
1	0.732389	36	0	451	457	940	424	964	770	475	810	160	114
2	0.066219	41	0	446	451	940	423	964	769	476	808	244	127	238	134	9
1	0.06665	43	0	451	458	939	424	968	770	475	809	242	129
2	0.732995	45	0	446	453	939	424	963	770	475	809	240	138	245	125	16
1	0.098928	68	0	443	463	938	435	966	782	469	822	82	103
2	0.099731	70	0	449	466	939	438	968	785	474	825	72	103	58	93	20
2	0.066698	73	0	451	470	940	441	968	789	472	829	56	93	49	100	11
1	0.100045	76	0	451	477	940	449	969	797	473	838	59	89
2	0.066516	78	0	451	482	942	453	970	802	472	842	62	86	56	95	12
1	0.099675	81	0	453	485	944	457	972	805	473	839	64	88
2	0.066525	83	0	456	489	952	460	972	811	478	852	64	83	61	93	9
1	0.133164	87	0	457	506	948	476	977	833	478	860	66	80
2	0.100163	90	0	459	508	951	479	979	828	482	870	79	88	103	101	32
1	0.199193	96	0	458	514	949	486	978	841	480	875	109	92
2	0.066575	98	0	460	515	951	486	979	835	482	877	105	95	108	103	9
1	0.167709	103	0	465	530	957	500	986	856	483	892	113	87
2	0.066391	105	0	465	529	957	500	986	856	488	891	106	93	60	86	57
1	0.53128	121	0	463	521	956	492	985	847	474	877	75	88
2	0.066788	123	0	460	503	957	474	978	828	482	856	89	101	113	83	33
1	0.100011	126	0	458	486	950	457	974	804	480	839	109	93
2	0.066624	128	0	457	478	950	449	979	797	479	838	106	93	109	82	12
1	0.165904	133	0	452	462	948	432	973	779	481	820	106	99
2	0.099734	136	0	451	455	953	419	973	772	481	807	111	98	62	82	43
1	0.199726	142	0	453	452	948	411	973	765	481	806	60	87
2	0.066684	144	0	452	446	949	417	974	765	482	806	54	98	77	105	27
1	0.099797	147	0	455	451	956	422	977	771	484	806	77	102
2	0.066892	149	0	460	453	957	424	977	773	485	808	79	109	144	115	76
1	0.066297	151	0	463	457	960	429	981	779	485	821	143	109
2	0.099878	154	0	466	464	963	434	984	792	487	818	152	105	162	108	9
1	0.199531	160	0	470	462	966	432	987	785	491	815	175	110
2	0.066475	162	0	472	453	970	423	991	777	494	806	198	115	239	100	50
1	0.133466	166	0	476	435	980	400	1001	755	504	784	233	113
2	0.36574	168	0	484	421	988	390	1010	746	511	777	230	111	258	113	32
2	0.100017	179	0	490	409	991	379	1009	736	514	763	64	138	70	132	9
2	0.09968	182	0	490	408	992	379	1010	736	515	763	70	132	58	135	14
2	0.066412	185	0	490	409	991	379	1009	736	514	762	55	138	58	131	9
1	0.133247	189	0	486	410	993	379	1007	736	511	764	60	130
2	0.066872	191	0	487	412	993	380	1007	737	511	765	67	128	128	126	67
1	0.235004	198	0	487	417	993	386	1007	743	510	775	124	123
2	0.097354	201	0	487	419	993	388	1007	745	512	775	125	123	170	128	49
1	0.133367	205	0	487	422	992	391	1006	748	512	778	174	122
2	0.066362	207	0	486	424	987	393	1006	749	511	780	179	122	223	129	51
1	0.099834	210	0	486	423	987	392	1006	749	511	779	222	125
2	0.066522	212	0	486	423	987	392	1006	748	511	779	221	126	240	128	22
1	0.39921	215	0	485	415	986	390	1005	748	510	779	252	129
2	0.465963	226	0	486	419	986	388	1005	745	511	776	82	134	51	141	36
1	0.232853	245	0	490	427	993	396	1007	752	511	783	130	125
2	0.067362	247	0	490	427	993	397	1008	753	511	779	144	130	162	134	21
1	0.198995	253	0	488	428	988	397	1006	753	513	784	163	128
2	0.099805	256	0	488	427	992	397	1006	753	513	783	160	127	216	126	64
1	0.099781	259	0	488	427	992	396	1005	752	513	781	217	128
2	0.099793	262	0	488	428	992	397	1006	752	509	783	210	132	158	130	67
1	0.299523	271	0	484	423	985	394	1004	747	509	778	131	134
2	0.100316	274	0	481	420	984	390	1003	746	509	775	131	131	147	130	14
1	0.299019	283	0	482	419	986	382	1010	746	511	774	160	133
2	0.066548	285	0	482	420	987	390	1006	747	512	774	163	131	215	128	58
1	0.266462	293	0	484	423	984	393	1003	748	505	778	208	129
2	0.066548	295	0	483	421	983	392	1002	747	508	777	206	130	232	134	31
1	0.499319	300	0	472	419	970	390	993	746	497	774	251	133
1	0.132674	314	0	474	418	973	388	996	746	499	772	55	151
2	0.133204	318	0	470	426	971	391	992	740	497	775	61	138	128	138	48
1	0.099794	321	0	473	418	972	388	994	739	498	773	125	146
2	0.066665	323	0	473	423	973	388	994	738	498	780	122	140	138	140	16
1	0.132998	327	0	472	418	974	389	995	739	499	781	143	145
2	0.099724	330	0	470	419	973	388	995	740	499	774	141	143	99	147	47
1	0.133147	334	0	472	426	974	385	994	740	499	781	96	142
2	0.066857	336	0	471	426	972	385	993	740	498	780	101	144	213	148	129
1	0.265968	344	0	470	427	968	388	992	742	498	782	219	143
2	0.399753	346	0	471	427	968	388	992	742	497	779	220	148	263	152	47
1	0.099618	359	0	471	430	968	391	992	745	499	779	65	162
2	0.06621	361	0	471	432	967	393	992	747	498	787	64	157	118	156	62
1	0.199714	367	0	474	437	970	398	995	752	502	792	120	153
2	0.09982	370	0	474	437	970	398	995	753	502	792	123	152	152	156	27
1	0.432573	373	0	473	433	972	401	997	760	506	799	149	159
1	0.233171	390	0	519	512	1020	464	1055	819	554	870	129	148
2	0.066557	392	0	518	501	1020	453	1054	808	552	859	94	168	105	155	18
1	0.100292	395	0	517	480	1018	433	1053	794	551	838	100	160
2	0.065951	397	0	508	449	1016	413	1043	767	543	805	99	172	125	164	31
1	0.332741	407	0	491	419	997	379	1018	736	520	777	147	174
2	0.066624	409	0	491	412	997	380	1018	734	520	776	119	168	86	167	39
1	0.166306	414	0	492	418	998	380	1019	733	521	775	86	164
2	0.099968	417	0	492	416	998	378	1020	731	521	773	116	167	205	166	107
1	0.232705	424	0	492	412	999	377	1021	729	520	764	205	170
2	0.400519	426	0	492	411	998	371	1020	728	520	763	238	170	273	173	41
1	0.098804	439	0	490	412	998	374	1019	731	521	771	66	186
2	0.0664	441	0	489	413	992	375	1017	732	520	771	69	184	59	183	10
1	0.06696	443	0	489	414	996	375	1017	732	520	771	50	184
2	0.066292	445	0	489	414	992	376	1017	732	520	772	64	184	139	188	90
1	0.199679	451	0	490	417	993	378	1024	736	522	774	139	183
2	0.066996	453	0	491	416	993	378	1018	734	523	774	141	180	192	185	59
1	0.16585	458	0	489	419	991	380	1021	737	520	776	199	179
2	0.09982	461	0	490	422	992	384	1016	741	521	780	204	174	262	181	72
1	0.432651	465	0	490	426	992	388	1022	744	521	783	264	180
1	0.133114	478	0	492	428	999	390	1019	747	524	786	61	189
2	0.365962	480	0	490	429	997	390	1023	748	522	787	84	188	138	196	63
1	0.166352	494	0	491	433	993	395	1023	752	522	790	188	179
2	0.067091	496	0	492	432	993	395	1023	752	523	790	185	179	245	184	68
1	0.533388	503	0	489	429	992	390	1022	748	521	785	251	188
2	0.13167	515	0	491	418	999	380	1019	738	522	777	75	201	51	206	11
1	0.266246	524	0	495	415	999	377	1024	734	527	773	54	204
2	0.066968	526	0	492	413	1005	375	1026	732	528	772	56	204	83	210	31
1	0.299758	535	0	496	410	1008	371	1028	724	532	767	91	207
2	0.065899	537	0	496	409	1009	370	1029	723	531	766	102	210	148	209	55
1	0.266189	545	0	502	408	1009	371	1031	728	533	767	153	201
2	0.09975	548	0	502	410	1010	372	1031	730	533	768	153	199	216	204	73
1	0.133265	552	0	497	411	1009	372	1029	725	532	768	217	202
2	0.066353	553	0	497	412	1009	373	1029	725	533	768	217	201	244	203	32
1	0.200824	560	0	502	414	1005	376	1030	729	533	772	266	201
2	0.065446	561	0	502	414	1011	377	1031	735	533	772	269	199	216	201	62
1	0.299623	570	0	501	415	1010	377	1030	735	533	773	212	199
2	0.066497	572	0	501	415	1010	378	1030	736	533	773	213	196	227	205	18
1	0.133243	576	0	497	416	1009	378	1029	730	532	781	222	200
2	0.099736	579	0	497	417	1009	378	1029	731	532	781	221	207	192	205	28
1	0.099681	582	0	495	409	1003	371	1028	730	532	773	197	207
2	0.400327	584	0	498	416	1003	378	1028	730	531	780	199	199	280	203	94
1	0.098854	597	0	499	423	1007	379	1027	731	530	774	80	217
2	0.465838	599	0	499	423	1002	379	1031	732	530	782	81	209	126	215	52
1	0.299684	619	0	501	419	1003	380	1032	737	532	776	158	206
2	0.099709	623	0	501	424	1003	380	1030	738	532	775	162	201	108	221	64
1	0.266298	631	0	500	417	1003	378	1030	734	532	773	106	217
2	0.066469	633	0	501	415	1003	377	1030	729	532	772	105	216	151	222	55
1	0.333035	643	0	504	409	1006	371	1034	728	533	767	162	218
2	0.066202	645	0	503	408	1006	370	1033	727	533	766	162	214	147	209	17
1	0.133159	649	0	505	406	1007	368	1035	725	534	765	147	217
2	0.066532	651	0	505	406	1007	368	1035	725	534	765	144	212	113	219	36
1	0.067068	653	0	505	406	1007	367	1036	725	535	765	98	221
2	0.066266	655	0	506	406	1008	371	1036	725	535	765	96	217	69	216	32
1	0.333399	665	0	504	404	1007	367	1036	724	533	763	60	218
2	0.066271	667	0	504	400	1007	369	1035	723	533	763	59	219	89	239	43
1	0.465281	681	0	503	402	1007	364	1034	722	532	761	107	238
2	0.099871	684	0	503	402	1006	363	1034	720	532	760	110	238	93	225	26
1	0.166507	689	0	503	401	1006	363	1035	720	532	761	90	225
2	0.100239	692	0	503	402	1006	365	1034	721	532	761	91	224	161	236	80
1	0.299056	701	0	502	403	1005	361	1033	723	531	763	171	230
2	0.066591	703	0	502	404	1006	366	1033	724	532	763	171	228	215	238	51
1	0.133268	707	0	504	399	1008	369	1034	724	534	764	241	233
2	0.665486	709	0	505	406	1007	368	1034	726	534	765	248	235	277	231	31
2	0.066434	729	0	503	405	1005	368	1033	729	532	768	121	248	111	248	12
1	0.099731	732	0	503	411	1001	374	1032	731	531	776	108	243
2	0.099976	735	0	503	410	1006	373	1032	729	532	768	104	255	202	248	71
1	0.100307	738	0	503	405	1005	372	1033	730	533	775	197	246
2	0.066855	740	0	502	410	999	372	1030	728	533	766	207	242	206	255	14
1	0.664591	751	0	503	407	1004	369	1030	724	532	763	243	244
1	0.100188	763	0	506	397	1007	358	1034	715	535	755	71	264
2	0.066187	765	0	506	389	1009	358	1036	713	535	748	85	263	110	267	29
1	0.099988	768	0	508	394	1010	355	1034	712	536	750	109	264
2	0.066353	770	0	508	391	1010	357	1034	711	537	746	112	260	150	255	44
1	0.066665	772	0	509	388	1011	356	1035	711	537	746	155	265
2	0.066599	774	0	508	392	1012	355	1036	710	538	745	152	267	155	259	11
1	0.100007	777	0	507	381	1013	355	1037	709	538	744	155	267
2	0.099498	780	0	508	386	1013	355	1037	710	538	745	152	266	217	262	41
1	0.199801	786	0	516	394	1020	359	1039	711	540	746	214	255
2	0.066558	788	0	511	389	1014	356	1038	711	539	746	217	261	239	269	26
1	0.432483	792	0	514	388	1018	359	1038	722	540	757	235	255
2	0.066891	803	0	524	390	1028	361	1050	720	546	750	69	272	61	286	17
1	0.465659	805	0	524	386	1028	361	1050	720	546	751	71	278
1	0.133097	821	0	538	379	1044	359	1061	719	555	742	161	262
2	0.066561	823	0	550	386	1056	365	1068	730	565	742	174	262	243	264	81
1	0.099773	826	0	576	383	1089	381	1095	743	585	748	231	259
2	0.466007	829	0	611	394	1117	389	1121	763	611	752	227	263	257	264	29
1	0.199514	846	0	592	390	1101	393	1104	760	596	761	68	282
2	0.099896	849	0	590	387	1102	387	1103	760	595	766	63	280	111	276	9
1	0.299668	858	0	588	393	1097	391	1104	752	590	756	107	281
2	0.066368	860	0	587	388	1096	389	1098	750	589	754	106	280	155	286	58
1	0.166416	865	0	599	390	1106	391	1106	758	598	753	174	277
2	0.09971	868	0	595	390	1105	390	1105	755	600	751	180	283	228	275	12
1	0.266408	876	0	599	389	1103	389	1103	752	599	749	236	276
2	0.066412	878	0	599	390	1103	384	1103	755	595	750	240	274	288	282	53
1	0.39933	881	0	597	386	1101	388	1101	752	597	747	284	275
1	0.200186	896	0	591	382	1104	387	1104	752	596	746	71	294
2	0.065909	898	0	586	387	1095	391	1099	757	592	756	88	299	109	302	25
1	0.133394	902	0	579	389	1086	391	1088	756	582	759	115	299
2	0.132902	906	0	580	405	1088	391	1089	758	584	761	114	288	82	296	21
1	0.133158	910	0	581	401	1088	398	1090	758	584	762	78	294
2	0.067224	912	0	581	397	1089	397	1090	757	584	761	77	289	92	288	16
1	0.298772	921	0	579	395	1087	393	1089	758	584	756	105	291
2	0.066513	923	0	580	391	1088	388	1090	753	582	765	93	285	74	278	24
1	0.798677	933	0	578	394	1086	392	1087	752	583	755	72	290
1	0.300029	956	0	575	398	1082	391	1084	753	581	756	183	284
2	0.099305	959	0	572	400	1083	389	1088	753	581	754	178	284	207	277	34
1	0.199551	965	0	575	395	1083	388	1088	751	580	754	213	285
2	0.100473	968	0	573	389	1083	386	1088	751	579	762	211	288	235	297	24
1	0.099291	971	0	571	400	1084	391	1084	752	581	762	237	290
2	0.066511	973	0	570	400	1076	385	1088	751	580	754	242	296	222	290	24
1	0.332851	983	0	571	391	1082	385	1083	750	578	760	217	287
2	0.066533	985	0	571	391	1083	383	1083	751	581	760	215	291	251	284	43
1	0.465847	989	0	572	383	1083	387	1084	749	580	759	274	277
1	0.366676	1010	0	575	382	1086	371	1088	743	584	744	109	299
2	0.066105	1012	0	578	381	1087	377	1088	741	583	751	140	299	200	288	73
1	0.266154	1020	0	575	389	1087	380	1088	741	582	752	201	282
2	0.066555	1022	0	574	379	1086	376	1087	742	584	752	201	283	246	301	55
1	0.332707	1032	0	574	381	1086	380	1093	743	584	754	223	284
2	0.066405	1034	0	575	391	1084	376	1086	743	583	754	229	277	285	284	62
1	0.466038	1038	0	573	381	1086	376	1086	749	583	754	281	283
1	0.16621	1053	0	572	395	1084	383	1089	748	581	756	63	296
2	0.100216	1056	0	573	384	1084	381	1089	748	581	756	58	306	109	292	46
1	0.299255	1065	0	575	391	1078	380	1089	747	581	757	109	298
2	0.066899	1067	0	570	387	1083	383	1083	747	581	757	115	301	128	301	14
1	0.09943	1070	0	570	394	1076	381	1087	747	579	757	131	297
2	0.099808	1073	0	572	391	1083	380	1088	747	580	757	127	293	96	312	32
1	0.299405	1082	0	571	389	1076	380	1087	747	579	756	99	303
2	0.066652	1084	0	570	389	1080	376	1086	752	579	756	101	292	98	304	11
1	0.499903	1088	0	570	391	1082	380	1087	747	579	756	117	301
1	0.099826	1102	0	572	390	1082	378	1088	744	579	752	170	287
2	0.066444	1104	0	572	386	1083	373	1089	741	577	749	172	295	226	301	66
1	0.165901	1109	0	569	369	1083	361	1084	720	579	737	217	298
2	0.099633	1112	0	571	368	1082	360	1088	727	579	736	219	295	250	304	23
1	0.167397	1117	0	570	365	1083	357	1084	725	579	733	246	295
2	0.065687	1119	0	570	361	1084	357	1089	723	579	732	241	307	206	304	42
1	0.19971	1125	0	569	368	1083	357	1083	723	578	733	208	300
2	0.099727	1127	0	570	368	1083	357	1088	723	579	732	203	301	239	294	42
2	0.067337	1130	0	569	364	1077	355	1088	715	577	730	246	307	245	299	9
1	0.099006	1133	0	569	366	1078	355	1088	723	578	730	248	303
2	0.13311	1137	0	570	365	1078	358	1088	718	579	733	242	299	265	305	29
1	0.133511	1141	0	569	373	1078	361	1087	721	577	736	270	298
2	0.066552	1143	0	570	374	1084	364	1088	732	578	739	274	295	278	283	14
1	0.332653	1152	0	569	376	1082	365	1086	724	578	739	277	288
2	0.066501	1154	0	567	371	1075	362	1084	722	577	736	279	300	275	289	13
1	0.532249	1161	0	567	375	1075	364	1084	724	576	739	282	295
1	0.233553	1177	0	566	383	1073	365	1082	725	578	738	61	320
2	0.066063	1179	0	565	376	1073	365	1082	725	578	738	63	320	134	320	83
1	0.432503	1192	0	566	375	1079	365	1083	725	576	739	149	316
2	0.099652	1194	0	566	376	1073	366	1083	725	575	739	179	316	138	324	49
1	0.532502	1200	0	565	374	1072	363	1081	722	578	736	123	321
1	0.266162	1219	0	568	365	1082	355	1087	715	576	729	179	280
2	0.066603	1221	0	568	362	1082	354	1087	714	578	729	166	276	183	270	20
1	0.133112	1225	0	568	362	1082	352	1087	712	577	727	185	264
2	0.066719	1227	0	568	361	1076	351	1087	711	577	726	188	276	155	270	39
1	0.066777	1229	0	568	360	1077	355	1088	717	577	725	157	267
2	0.099472	1231	0	568	360	1076	351	1088	710	577	725	173	278	237	275	76
2	0.06685	1234	0	568	360	1076	351	1088	711	577	725	239	277	237	268	9
1	0.365654	1236	0	568	362	1081	351	1087	712	578	726	235	269
1	0.166446	1250	0	566	362	1074	352	1085	713	576	727	80	288
2	0.06706	1252	0	566	363	1074	351	1085	712	576	726	90	289	173	289	95
1	0.199508	1258	0	566	364	1075	354	1085	715	579	736	166	280
2	0.099487	1261	0	565	364	1080	353	1084	713	578	727	171	287	220	281	45
1	0.099872	1264	0	565	362	1074	352	1084	714	578	726	221	284
2	0.066834	1266	0	565	367	1074	353	1084	714	578	728	221	282	247	295	32
1	0.133616	1270	0	566	365	1076	353	1086	715	579	736	236	277
2	0.365806	1272	0	566	363	1076	352	1087	713	579	727	255	287	276	289	24
1	0.065965	1283	0	560	363	1074	353	1084	715	578	735	74	292
2	0.066567	1285	0	564	371	1073	353	1083	715	577	736	71	289	62	304	20
1	0.133104	1289	0	565	364	1075	353	1085	716	578	728	64	298
2	0.099749	1292	0	561	367	1074	353	1083	715	577	736	59	299	92	294	37
1	0.199765	1298	0	560	371	1074	353	1084	715	577	727	110	300
2	0.06652	1300	0	564	371	1074	353	1084	714	577	727	129	301	175	289	55
1	0.199684	1306	0	562	371	1074	353	1084	716	577	736	175	289
2	0.066728	1308	0	559	363	1071	351	1081	709	575	733	171	287	194	289	26
1	0.565496	1325	0	559	362	1071	339	1082	708	574	719	205	297
2	0.067274	1327	0	558	355	1072	341	1081	705	574	719	203	301	222	294	23
1	0.09909	1330	0	556	351	1071	333	1081	706	573	718	230	297
2	0.066629	1332	0	556	352	1071	339	1080	705	573	717	229	293	205	298	27
1	0.36593	1343	0	559	345	1072	332	1082	701	574	721	177	299
2	0.499145	1345	0	559	348	1072	334	1082	701	574	712	180	298	173	305	11
1	0.16651	1363	0	558	356	1068	334	1077	697	570	721	223	290
2	0.066556	1365	0	553	356	1068	334	1077	696	569	721	224	285	234	286	10
1	0.199749	1371	0	557	355	1068	332	1077	697	569	721	234	290
2	0.06686	1373	0	557	356	1066	334	1076	698	569	722	239	288	268	288	35
1	0.232574	1380	0	550	362	1064	341	1078	704	566	723	266	290
2	0.066533	1382	0	550	366	1063	343	1073	706	566	723	272	286	283	285	12
1	0.232927	1389	0	547	362	1056	342	1068	703	563	723	280	287
2	0.400031	1391	0	546	361	1056	342	1074	703	563	725	277	282	285	293	14
2	0.099171	1403	0	549	373	1056	352	1073	713	566	735	78	305	69	310	11
2	0.067035	1406	0	549	376	1056	355	1073	715	566	738	69	306	61	315	14
1	0.166529	1411	0	548	374	1054	355	1071	714	567	736	64	314
2	0.065737	1413	0	548	368	1055	348	1072	712	567	734	66	306	114	301	59
1	0.199919	1419	0	548	373	1055	354	1071	714	567	736	118	301
2	0.066634	1421	0	548	372	1055	353	1072	713	567	735	121	307	146	304	30
1	0.166412	1426	0	551	373	1058	352	1075	712	568	735	149	302
2	0.066621	1428	0	551	371	1062	350	1075	711	568	733	150	307	120	305	33
1	0.232579	1431	0	551	363	1059	342	1076	708	567	731	123	306
1	0.332682	1444	0	552	361	1066	340	1080	701	569	725	225	301
2	0.066715	1447	0	552	353	1066	333	1080	699	568	716	220	308	210	310	13
2	0.066552	1449	0	553	359	1067	332	1075	699	569	716	212	301	217	314	15
1	0.266334	1457	0	554	356	1068	334	1076	697	569	721	255	298
2	0.099742	1459	0	553	355	1068	334	1076	696	569	720	259	295	223	312	46
2	0.066348	1462	0	554	351	1068	333	1076	695	569	719	222	312	221	302	10
1	0.099904	1465	0	554	354	1068	333	1077	696	569	719	225	309
2	0.133126	1469	0	553	355	1067	333	1076	696	569	720	239	301	260	312	23
1	0.166435	1474	0	553	356	1067	335	1076	698	569	721	255	304
2	0.067192	1476	0	551	357	1066	337	1074	699	567	719	256	305	270	305	17
1	0.099541	1479	0	550	357	1065	336	1073	699	565	722	270	307
2	0.099588	1482	0	550	357	1065	335	1073	698	565	721	271	309	228	308	42
1	1.29796	1503	0	548	359	1059	337	1076	700	567	722	224	300
1	0.398891	1529	0	551	362	1061	339	1079	701	567	724	67	308
2	0.066704	1535	0	552	355	1062	339	1080	701	568	725	271	309	268	294	17
1	0.332801	1542	0	551	359	1066	337	1079	699	567	722	271	290
1	0.099647	1548	0	552	354	1067	336	1074	698	568	721	200	300
2	0.066819	1550	0	552	355	1067	334	1080	696	567	720	199	307	201	299	11
1	0.066554	1552	0	552	354	1067	332	1075	695	568	718	201	302
2	0.066353	1554	0	552	353	1067	332	1075	695	568	718	177	315	137	307	46
1	0.333253	1564	0	553	351	1062	331	1075	693	567	716	139	313
2	0.066952	1566	0	553	352	1068	331	1081	693	572	716	163	313	241	309	95
1	0.16588	1571	0	554	351	1068	331	1081	693	569	716	239	305
2	0.398941	1573	0	554	350	1068	332	1081	692	573	716	238	304	273	307	41
1	0.067404	1585	0	554	354	1068	334	1076	695	569	719	71	325
2	0.065774	1587	0	553	354	1061	334	1078	696	572	719	73	328	126	321	61
1	0.133498	1591	0	553	355	1067	335	1080	696	569	720	126	319
2	0.099468	1594	0	552	359	1062	336	1079	697	571	720	123	316	88	321	42
1	0.599031	1596	0	551	358	1066	335	1079	697	570	720	79	323
1	0.233298	1619	0	544	357	1059	335	1076	697	568	719	126	321
2	0.06602	1621	0	545	361	1059	334	1076	697	568	719	119	314	82	319	43
1	0.332727	1631	0	549	356	1059	336	1077	698	568	720	70	318
2	0.066697	1633	0	544	359	1058	335	1076	698	567	720	96	312	117	343	40
1	0.167089	1638	0	545	358	1059	338	1077	700	569	722	115	316
2	0.099801	1641	0	544	357	1058	335	1075	698	567	719	114	319	157	315	34
1	0.198886	1647	0	549	355	1058	333	1075	696	568	718	154	319
2	0.099899	1649	0	548	359	1057	333	1075	696	567	717	177	330	202	315	31
2	0.066803	1652	0	543	349	1058	332	1076	694	568	716	202	326	199	316	11
1	0.066622	1654	0	548	358	1063	331	1075	693	567	715	202	314
2	0.199621	1656	0	548	344	1062	332	1075	690	567	713	192	324	197	317	9
1	0.266	1668	1	549	347	1064	331	1072	688	568	711	99	321
2	0.06641	1670	0	550	349	1064	331	1072	688	569	711	99	326	128	315	38
1	0.732841	1673	0	547	344	1057	331	1075	687	566	708	151	323
1	0.099223	1695	0	549	355	1059	335	1076	697	564	720	59	338
2	0.099916	1698	0	550	355	1064	334	1076	696	565	719	70	339	115	328	55
1	0.099604	1701	0	549	354	1059	334	1075	696	568	719	115	327
2	0.0668	1703	0	549	355	1058	334	1076	697	568	720	114	324	119	335	13
1	0.399219	1715	0	543	359	1056	334	1073	698	566	720	163	329
2	0.067155	1717	0	545	359	1056	334	1072	699	566	720	186	329	247	329	69
1	0.465212	1721	0	543	365	1054	336	1070	700	564	721	250	322
1	0.133164	1734	0	541	367	1053	336	1068	701	562	723	75	350
2	0.066472	1736	0	542	365	1053	334	1068	695	563	721	100	348	146	344	53
1	0.199741	1742	0	541	365	1054	336	1068	695	563	721	146	342
2	0.099828	1745	0	540	364	1053	335	1067	694	561	720	146	347	199	339	46
1	0.133458	1749	0	540	362	1053	333	1069	692	562	718	197	341
2	0.099588	1751	0	540	357	1053	331	1068	692	562	718	197	356	199	346	13
1	0.565589	1760	1	544	355	1054	331	1071	691	563	720	262	330
2	0.066594	1771	1	544	355	1054	331	1071	691	563	720	76	331	64	334	13
1	0.099778	1774	1	544	355	1054	331	1071	691	563	720	61	331
2	0.06662	1776	1	544	355	1054	331	1071	691	563	720	58	331	112	328	64
1	0.099838	1779	1	544	355	1054	331	1071	691	563	720	131	324
2	0.133149	1782	1	544	355	1054	331	1071	691	563	720	131	329	130	323	12
2	0.066423	1785	1	544	355	1054	331	1071	691	563	720	130	325	155	352	41
1	0.133099	1789	1	544	355	1054	331	1071	691	563	720	170	324
2	0.067184	1791	1	544	355	1054	331	1071	691	563	720	191	334	231	335	46
1	0.731499	1795	1	544	355	1054	331	1071	691	563	720	229	331
1	0.133447	1817	0	456	407	962	366	981	729	478	764	343	90
2	0.099509	1820	0	399	437	902	395	924	757	421	798	373	72	386	84	39
1	0.133137	1824	0	361	448	858	410	891	759	390	811	426	75
2	0.067892	1826	0	365	453	861	416	894	763	396	816	422	69	444	77	25
1	0.131638	1830	0	366	457	866	420	900	773	403	819	465	68
2	0.067102	1832	0	376	456	871	419	905	773	408	819	465	67	504	72	43
1	0.399056	1835	0	379	455	874	418	909	772	407	818	528	74
1	0.099632	1847	0	378	460	878	423	911	776	414	821	336	80
2	0.099737	1850	0	390	453	885	405	922	755	426	815	345	89	379	84	39
1	0.133089	1854	0	392	443	886	396	923	746	426	805	376	89
2	0.066654	1856	0	392	440	886	393	922	744	426	801	414	100	462	94	53
1	0.133039	1860	0	399	437	893	385	933	736	436	790	458	91
2	0.06665	1862	0	399	429	897	383	937	734	440	789	459	90	443	90	19
1	0.066416	1864	0	406	435	900	383	940	739	443	791	440	90
2	0.066687	1866	0	400	437	899	381	940	740	442	792	450	93	557	99	123
1	0.100006	1869	0	399	432	898	384	938	739	441	794	541	92
2	0.099694	1871	0	400	440	899	381	939	739	442	795	542	102	545	92	11
2	0.066365	1874	0	407	439	901	388	941	737	444	793	543	85	391	106	176
1	0.266646	1882	0	411	428	907	381	944	733	444	791	322	112
2	0.399509	1884	0	411	428	907	382	944	733	444	791	333	111	392	109	67
1	0.332326	1904	0	410	427	905	381	944	731	448	789	456	105
2	0.06696	1906	0	410	427	905	381	946	733	448	789	486	107	516	102	33
1	0.399223	1909	0	411	433	906	381	947	730	448	782	524	103
1	0.132829	1922	0	413	420	914	373	947	724	451	777	335	118
2	0.066374	1924	0	413	420	914	373	944	725	448	777	335	114	382	134	58
1	0.100023	1927	0	412	422	912	375	946	727	450	779	391	126
2	0.099721	1930	0	414	432	914	383	950	743	448	789	395	117	439	120	9
1	0.233038	1937	0	414	437	916	393	951	747	450	795	458	112
2	0.066696	1939	0	419	447	916	398	952	758	450	801	468	117	468	129	12
1	0.332466	1949	0	426	450	923	412	954	765	454	808	464	109
2	0.066554	1951	0	426	449	924	411	955	763	455	806	466	109	522	103	63
1	0.266214	1959	0	427	439	923	401	954	753	455	796	523	109
2	0.066723	1961	0	427	438	924	400	955	752	455	796	520	108	397	126	142
1	0.233649	1968	0	427	434	925	396	956	748	456	792	334	127
2	0.065692	1970	0	427	433	925	395	955	747	456	797	353	131	394	141	49
1	0.167325	1975	0	429	432	925	393	956	745	456	796	400	135
2	0.06586	1977	0	429	432	931	393	957	745	457	796	398	131	441	132	52
1	0.133038	1981	0	429	429	926	391	957	743	458	794	454	135
2	0.132905	1985	0	431	429	928	391	959	744	460	788	454	131	523	129	77
1	0.29999	1994	0	431	427	932	389	959	742	459	786	520	125
2	0.099335	1997	0	432	427	934	388	961	743	460	787	521	129	345	150	143
1	0.23308	2004	0	431	427	932	389	960	749	459	786	352	141
2	0.06666	2006	0	430	428	933	388	959	742	458	786	363	138	396	137	36
1	0.099572	2009	0	430	425	934	385	961	741	460	785	392	142
2	0.099842	2012	0	432	427	933	390	961	742	460	786	392	148	449	134	63
1	0.167076	2017	0	427	425	927	387	958	740	456	784	456	139
2	0.099136	2020	0	429	424	928	386	959	739	461	790	449	139	515	141	58
1	0.199731	2026	0	428	429	926	385	957	738	459	788	510	136
2	0.06656	2028	0	428	428	926	384	957	737	459	787	508	131	493	137	17
1	0.10054	2031	0	428	428	926	384	961	738	459	788	492	137
2	0.431949	2033	0	427	429	925	384	956	738	458	788	493	133	544	140	60
1	0.066313	2046	0	431	442	928	399	963	753	462	799	352	155
2	0.066727	2048	0	429	447	925	403	961	755	456	805	357	149	433	150	87
1	0.399437	2060	0	427	446	924	397	959	755	458	802	437	152
2	0.066435	2062	0	421	447	922	398	953	757	457	802	440	144	491	158	60
1	0.332694	2072	0	422	448	923	399	958	757	458	801	499	150
2	0.06755	2074	0	429	447	925	398	960	755	460	802	505	151	548	153	50
1	0.232059	2081	0	429	438	926	400	962	752	458	796	547	151
2	0.099767	2084	0	431	437	928	399	959	757	459	796	548	146	376	151	146
1	0.133068	2088	0	431	436	928	398	959	750	460	794	376	151
2	0.066676	2090	0	432	436	930	399	961	754	461	795	379	157	344	166	39
1	0.232894	2097	0	433	428	930	399	961	750	461	794	342	168
2	0.066448	2099	0	433	435	936	396	962	749	462	792	344	163	366	162	24
1	0.366191	2110	0	433	428	930	397	961	749	461	793	376	168
2	0.465847	2112	0	434	434	931	397	962	754	462	792	382	160	440	163	65
1	0.099744	2127	0	449	450	945	411	972	767	475	807	485	156
2	0.066785	2129	0	447	452	946	413	973	768	476	808	476	153	460	149	17
1	0.066771	2131	0	448	447	946	412	972	768	476	808	457	154
2	0.066572	2133	0	448	451	945	413	971	769	475	807	502	161	551	156	57
1	0.39885	2136	0	447	453	940	417	971	771	474	809	552	152
1	0.100606	2148	0	427	467	925	419	957	774	462	821	342	162
2	0.098974	2151	0	423	463	915	416	953	771	457	817	358	171	397	165	23
1	0.233174	2158	0	420	462	913	416	950	765	455	817	398	168
2	0.066634	2160	0	419	461	913	415	950	764	455	822	396	161	352	170	50
1	0.132872	2164	0	419	460	912	414	949	763	454	821	352	170
2	0.067124	2166	0	419	459	912	414	949	762	453	814	389	174	430	170	48
1	0.165872	2171	0	418	455	911	409	947	758	453	815	429	170
2	0.099889	2174	0	416	458	909	400	949	756	453	813	434	181	458	171	10
1	0.232719	2181	0	414	458	907	404	947	756	451	813	491	171
2	0.100009	2184	0	409	454	904	402	944	754	448	808	497	174	516	179	11
1	0.267427	2192	0	403	450	896	394	939	748	444	805	540	176
2	0.065516	2194	0	404	449	901	391	940	748	444	804	545	189	543	170	22
1	0.299269	2203	0	404	443	902	385	943	743	445	797	544	177
2	0.399271	2205	0	405	442	904	384	943	742	446	796	545	171	548	181	10
2	0.066653	2217	0	407	442	908	390	945	742	450	799	373	173	344	180	35
1	0.299383	2226	0	413	444	908	392	947	743	451	800	339	182
2	0.066791	2228	0	413	443	908	391	944	741	451	799	341	183	368	178	29
1	0.132997	2232	0	408	444	907	392	948	743	450	800	370	181
2	0.099706	2235	0	409	444	906	392	947	746	449	798	368	175	426	181	14
1	0.365963	2246	0	407	446	906	392	946	745	449	801	425	183
2	0.100025	2249	0	408	446	904	391	945	745	448	801	427	177	443	191	15
1	0.26675	2257	0	411	445	905	391	945	744	448	800	484	187
2	0.398591	2259	0	408	445	904	391	945	744	448	800	492	188	549	185	67
1	0.233074	2276	0	415	449	908	390	948	747	452	804	372	200
2	0.099756	2279	0	409	447	907	391	947	745	451	801	398	201	434	192	11
1	1.03164	2300	0	416	431	910	386	947	735	454	793	468	201
2	0.399352	2312	0	420	428	915	382	951	732	454	791	329	218	369	220	45
1	0.133037	2325	0	422	431	916	385	953	735	456	787	400	202
2	0.066962	2327	0	421	431	916	386	953	736	458	791	397	201	362	219	43
1	0.232511	2334	0	421	432	916	387	953	737	456	789	368	217
2	0.067014	2336	0	421	433	916	388	953	737	457	796	385	244	423	227	45
1	0.132971	2340	0	420	433	915	388	952	737	457	796	418	218
2	0.066548	2342	0	420	434	914	389	955	739	457	791	424	216	467	232	53
1	0.099552	2345	0	420	435	914	389	951	739	457	791	465	225
2	0.09979	2347	0	419	434	913	389	950	739	456	791	465	219	467	230	12
1	0.598908	2357	0	418	437	913	391	949	740	455	792	523	224
1	0.199831	2372	0	411	443	911	391	947	742	454	797	360	232
2	0.099749	2375	0	416	443	910	392	946	741	454	798	364	233	409	225	54
1	0.399285	2387	0	417	435	910	382	947	740	454	791	443	236
2	0.099977	2389	0	412	441	908	382	945	739	453	795	483	232	486	244	12
1	0.46613	2395	0	411	434	911	387	948	738	454	789	543	241
1	0.365983	2414	0	418	428	914	382	950	732	455	784	365	251
2	0.099585	2418	0	418	427	914	382	950	732	455	784	393	247	433	251	48
1	0.199591	2424	0	418	427	914	381	950	731	455	783	435	247
2	0.066714	2426	0	418	427	914	381	950	732	455	784	436	247	480	256	49
1	0.233133	2433	0	418	427	915	382	951	732	454	791	476	248
2	0.39912	2435	0	418	428	918	382	951	732	455	784	483	252	537	247	63
1	0.266042	2453	0	415	460	910	414	947	767	450	826	338	236
2	0.100868	2456	0	417	474	912	428	949	781	452	833	344	246	342	269	17
1	0.165382	2461	0	415	499	911	449	952	802	451	854	344	250
2	0.099862	2463	0	416	495	911	452	953	804	452	850	340	251	361	234	31
2	0.066903	2466	0	417	482	913	439	949	784	452	836	367	241	368	224	17
1	0.066745	2468	0	421	471	916	424	949	776	453	828	365	239
2	0.066032	2470	0	417	469	916	422	949	773	451	825	367	240	367	228	12
1	0.465943	2473	0	417	458	912	411	948	761	451	813	369	234
