1	0.097653	2										83	80	
2	0.066677	2										83	80	117	107	
1	0.133078	5										117	107	
2	0.066443	7										117	107	202	94	
1	0.233147	14										202	94	
2	0.166903	19										202	94	166	97	
1	0.232102	26										166	97	
2	0.432847	39										166	97	42	112	
1	0.132758	43										42	112	
2	0.100113	46										42	112	116	113	
1	0.099712	49										116	113	
2	0.066541	51										116	113	110	108	
1	0.239188	59										110	108	
2	0.060348	60										110	108	106	110	
1	0.099993	63										106	110	
2	0.066323	65										106	110	175	113	
1	0.266366	73										175	113	
2	0.066869	75										175	113	173	108	
1	0.099344	78										173	108	
2	0.066608	80										173	108	235	123	
1	0.299602	89										235	123	
2	0.399251	101										235	123	89	138	
1	0.233197	108										89	138	
2	0.066906	110										89	138	113	126	
1	0.299429	119										113	126	
2	0.066411	121										113	126	123	115	
1	0.099364	124										123	115	
2	0.066403	126										123	115	179	117	
1	0.066889	128										179	117	
2	0.166596	133										179	117	181	120	
1	0.099419	136										181	120	
2	0.0664	138										181	120	193	117	
1	0.200465	144										193	117	
2	0.09933	147										193	117	240	126	
1	0.100383	150										240	126	
2	0.066296	152										240	126	211	140	
1	0.099456	155										211	140	
2	0.365945	166										211	140	65	153	
1	0.199799	172										65	153	
2	0.066548	174										65	153	106	128	
1	0.066489	176										106	128	
2	0.299524	185										106	128	105	128	
1	0.099805	188										105	128	
2	0.099783	191										105	128	111	137	
1	0.100495	194										111	137	
2	0.099747	197										111	137	111	137	
1	0.199234	203										111	137	
2	0.099531	206										111	137	195	126	
1	0.133608	210										195	126	
2	0.066041	212										195	126	198	128	
1	0.099886	215										198	128	
2	0.067045	217										198	128	198	128	
1	0.099577	220										198	128	
2	0.29942	229										198	128	198	128	
1	0.133565	233										198	128	
2	0.099295	236										198	128	101	142	
1	0.133173	240										101	142	
2	0.066625	242										101	142	103	142	
1	0.233045	249										103	142	
2	0.066328	251										103	142	148	135	
1	0.066432	253										148	135	
2	0.066657	255										148	135	205	145	
1	0.366193	266										205	145	
2	0.100105	269										205	145	249	153	
1	0.133326	273										249	153	
2	0.366037	284										249	153	62	161	
1	0.099864	287										62	161	
2	0.065852	289										62	161	69	171	
1	0.100063	292										69	171	
2	0.099744	295										69	171	119	172	
1	0.071301	297										119	172	
2	0.06167	299										119	172	117	162	
1	0.133118	303										117	162	
2	0.068658	305										117	162	75	171	
1	0.097914	308										75	171	
2	0.133051	312										75	171	155	165	
1	0.166505	317										155	165	
2	0.199341	323										155	165	154	169	
1	0.099909	326										154	169	
2	0.167312	331										154	169	192	172	
1	0.265314	339										192	172	
2	0.066957	341										192	172	233	171	
1	0.16691	346										233	171	
2	0.398756	358										233	171	87	207	
1	0.265816	366										87	207	
2	0.099691	369										87	207	79	203	
1	0.266522	377										79	203	
2	0.965028	406										79	203	179	198	
1	0.132954	410										179	198	
2	0.10018	413										179	198	246	203	
1	0.132806	417										246	203	
2	0.266444	425										246	203	54	218	
1	0.265912	433										54	218	
2	0.067253	435										54	218	214	198	
1	0.065855	437										214	198	
2	0.066433	439										214	198	260	200	
1	0.535197	455										260	200	
2	0.463328	469										260	200	119	216	
1	0.099899	472										119	216	
2	0.133116	476										119	216	208	203	
1	0.166419	481										208	203	
2	0.06669	483										208	203	197	208	
1	0.066286	485										197	208	
2	0.066555	487										197	208	244	210	
1	0.066494	489										244	210	
2	0.399802	501										244	210	73	221	
1	0.099394	504										73	221	
2	0.099816	507										73	221	121	219	
1	0.232897	514										121	219	
2	0.066814	516										121	219	125	208	
1	0.132692	520										125	208	
2	0.066855	522										125	208	235	227	
1	0.066412	524										235	227	
2	0.599615	542										235	227	89	234	
1	0.266849	550										89	234	
2	0.06528	552										89	234	168	235	
1	0.100649	555										168	235	
2	0.065826	557										168	235	162	219	
1	0.099953	560										162	219	
2	0.066386	562										162	219	132	221	
1	0.066516	564										132	221	
2	0.133503	568										132	221	213	234	
1	0.100167	571										213	234	
2	0.43231	584										213	234	54	251	
1	0.099924	587										54	251	
2	0.066015	588										54	251	113	243	
1	0.099802	591										113	243	
2	0.133205	595										113	243	176	240	
1	0.332715	605										176	240	
2	0.066389	607										176	240	176	240	
1	0.099937	610										176	240	
2	0.499037	625										176	240	79	240	
1	0.23308	632										79	240	
2	0.066497	634										79	240	79	239	
1	0.133658	638										79	239	
2	0.099804	641										79	239	127	248	
1	0.100669	644										127	248	
2	0.098597	647										127	248	83	283	
1	0.09974	650										83	283	
2	0.066396	652										83	283	96	259	
1	0.066768	654										96	259	
2	0.066513	656										96	259	141	275	
1	0.066486	658										141	275	
2	0.066698	660										141	275	206	283	
1	0.166954	665										206	283	
2	0.09919	668										206	283	211	266	
1	0.099982	671										211	266	
2	0.06638	673										211	266	164	266	
1	0.166424	678										164	266	
2	0.066558	680										164	266	276	264	
1	0.365864	691										276	264	
2	0.434456	704										276	264	119	278	
1	0.165004	709										119	278	
2	0.300046	718										119	278	75	277	
1	0.132094	722										75	277	
2	0.066763	724										75	277	92	277	
1	0.099598	727										92	277	
2	0.099974	730										92	277	141	286	
1	0.233563	737										141	286	
2	0.132503	741										141	286	79	286	
1	0.166368	746										79	286	
2	0.066444	748										79	286	175	275	
1	0.166513	753										175	275	
2	0.067467	755										175	275	249	289	
1	0.099015	758										249	289	
2	0.365833	769										249	289	72	300	
1	0.0673	771										72	300	
2	0.099214	774										72	300	116	291	
1	0.132934	778										116	291	
2	0.565825	795										116	291	119	307	
1	0.133486	799										119	307	
2	0.066015	801										119	307	101	323	
1	0.133331	805										101	323	
2	0.133063	809										101	323	243	316	
1	0.200271	815										243	316	
2	0.06609	817										243	316	265	307	
1	0.166235	822										265	307	
2	0.29986	831										265	307	75	313	
1	0.09964	834										75	313	
2	0.365869	845										75	313	257	295	
1	0.066584	847										257	295	
2	0.066355	849										257	295	268	299	
1	0.066858	851										268	299	
2	0.499054	866										268	299	154	316	
1	0.099733	869										154	316	
2	0.166575	874										154	316	229	319	
1	0.067351	876										229	319	
2	0.065455	878										229	319	220	318	
1	0.067097	880										220	318	
2	0.432459	893										220	318	76	315	
1	0.199562	899										76	315	
2	0.06632	901										76	315	133	318	
1	0.100063	904										133	318	
2	0.066931	906										133	318	148	327	
1	0.099306	909										148	327	
2	0.066565	911										148	327	162	327	
1	0.06654	913										162	327	
2	0.100717	916										162	327	222	329	
1	0.098791	919										222	329	
2	0.067124	921										222	329	229	316	
1	0.166374	926										229	316	
2	0.066168	928										229	316	213	313	
1	0.066555	930										213	313	
2	0.100022	933										213	313	203	316	
1	0.166157	938										203	316	
2	0.068433	940										203	316	254	304	
1	0.131122	944										254	304	
2	0.399451	956										254	304	70	324	
1	0.232899	963										70	324	
2	0.066614	965										70	324	151	324	
1	0.1335	969										151	324	
2	0.099895	972										151	324	182	324	
1	0.09987	975										182	324	
2	0.066205	977										182	324	238	331	
1	0.10076	980										238	331	
2	0.299303	989										238	331	70	351	
1	0.065714	991										70	351	
2	0.099854	994										70	351	105	354	
1	0.132919	998										105	354	
2	0.965104	1027										105	354	387	70	
1	0.266434	1035										387	70	
2	0.099687	1038										387	70	385	69	
1	0.233274	1045										385	69	
2	0.099428	1048										385	69	529	70	
1	0.166547	1053										529	70	
2	0.068899	1055										529	70	498	61	
1	0.197645	1061										498	61	
2	0.099766	1064										498	61	477	69	
1	0.099928	1067										477	69	
2	0.498645	1082										477	69	324	74	
1	0.167385	1087										324	74	
2	0.066423	1089										324	74	391	66	
1	0.132296	1093										391	66	
2	0.099889	1096										391	66	436	70	
1	0.199677	1102										436	70	
2	0.066603	1104										436	70	401	67	
1	0.33239	1114										401	67	
2	0.133232	1118										401	67	373	66	
1	0.36597	1129										373	66	
2	0.266333	1137										373	66	520	79	
1	0.234267	1144										520	79	
2	0.431259	1157										520	79	520	79	
1	0.166705	1162										520	79	
2	0.067103	1164										520	79	393	75	
1	0.098966	1167										393	75	
2	0.066511	1169										393	75	434	83	
1	0.099873	1172										434	83	
2	0.101489	1175										434	83	468	94	
1	0.098123	1177										468	94	
2	0.066502	1179										468	94	501	90	
1	0.167223	1185										501	90	
2	0.099152	1187										501	90	539	88	
1	0.099722	1190										539	88	
2	0.299502	1199										539	88	369	90	
1	0.232958	1206										369	90	
2	0.16637	1211										369	90	434	91	
1	0.332793	1221										434	91	
2	0.100057	1224										434	91	515	80	
1	0.268331	1232										515	80	
2	0.364048	1243										515	80	352	101	
1	0.166025	1248										352	101	
2	0.066399	1250										352	101	352	99	
1	0.100251	1253										352	99	
2	0.199408	1259										352	99	385	87	
1	0.232924	1266										385	87	
2	0.100065	1269										385	87	407	85	
1	0.266485	1277										407	85	
2	0.16616	1282										407	85	461	113	
1	0.199798	1288										461	113	
2	0.13358	1292										461	113	510	124	
1	0.232599	1299										510	124	
2	0.066047	1301										510	124	536	115	
1	0.066526	1303										536	115	
2	0.066745	1305										536	115	534	112	
1	0.099704	1308										534	112	
2	0.066449	1310										534	112	504	118	
1	0.099936	1313										504	118	
2	0.332888	1323										504	118	483	102	
1	0.166384	1328										483	102	
2	0.46561	1342										483	102	350	123	
1	0.099764	1345										350	123	
2	0.067182	1347										350	123	346	113	
1	0.099787	1350										346	113	
2	0.199082	1356										346	113	416	110	
1	0.066722	1358										416	110	
2	0.100056	1361										416	110	482	115	
1	0.132851	1365										482	115	
2	0.066767	1367										482	115	544	115	
1	0.1666	1372										544	115	
2	0.300023	1381										544	115	336	134	
1	0.098953	1384										336	134	
2	0.066516	1386										336	134	396	140	
1	0.399388	1398										396	140	
2	0.06629	1400										396	140	431	137	
1	0.100025	1403										431	137	
2	0.266655	1411										431	137	414	126	
1	0.1991	1417										414	126	
2	0.100359	1420										414	126	452	126	
1	0.099279	1423										452	126	
2	0.200849	1429										452	126	508	138	
1	0.198642	1435										508	138	
2	0.066823	1437										508	138	525	140	
1	0.132761	1441										525	140	
2	0.067336	1443										525	140	534	131	
1	0.066267	1445										534	131	
2	0.332228	1455										534	131	335	137	
1	0.299623	1464										335	137	
2	0.16629	1469										335	137	358	140	
1	0.133116	1473										358	140	
2	0.399477	1485										358	140	515	151	
1	0.099788	1488										515	151	
2	0.498928	1503										515	151	387	144	
1	0.101887	1506										387	144	
2	1.02962	1537										387	144	325	151	
1	0.133038	1541										325	151	
2	0.099989	1544										325	151	369	185	
1	0.067276	1546										369	185	
2	0.06626	1548										369	185	368	164	
1	0.099287	1551										368	164	
2	0.066602	1553										368	164	417	176	
1	0.199765	1559										417	176	
2	0.066909	1561										417	176	465	174	
1	0.09933	1564										465	174	
2	0.132965	1568										465	174	525	175	
1	0.299636	1577										525	175	
2	0.399387	1589										525	175	352	198	
1	0.199748	1595										352	198	
2	0.066407	1597										352	198	350	194	
1	0.100034	1600										350	194	
2	0.066364	1602										350	194	428	192	
1	0.132977	1606										428	192	
2	0.332926	1616										428	192	482	186	
1	0.133532	1620										482	186	
2	0.066082	1622										482	186	525	194	
1	0.100287	1625										525	194	
2	0.365663	1636										525	194	463	191	
1	0.266267	1644										463	191	
2	0.067599	1646										463	191	526	199	
1	0.07475	1648										526	199	
2	0.389973	1660										526	199	338	207	
1	0.166286	1665										338	207	
2	0.066502	1667										338	207	400	202	
1	0.100082	1670										400	202	
2	0.166227	1675										400	202	460	200	
1	0.233022	1682										460	200	
2	0.067484	1684										460	200	409	200	
1	0.132006	1688										409	200	
2	0.299873	1697										409	200	519	212	
1	0.06624	1699										519	212	
2	0.366309	1710										519	212	346	221	
1	0.132788	1714										346	221	
2	0.06668	1716										346	221	390	221	
1	0.233163	1723										390	221	
2	0.067568	1725										390	221	472	216	
1	0.265338	1733										472	216	
2	0.132727	1737										472	216	416	216	
1	0.099863	1740										416	216	
2	0.066538	1742										416	216	482	221	
1	0.100684	1745										482	221	
2	0.099373	1748										482	221	539	227	
1	0.099667	1751										539	227	
2	0.299803	1760										539	227	333	239	
1	0.199069	1765										333	239	
2	0.066503	1767										333	239	404	225	
1	0.300238	1776										404	225	
2	0.09984	1779										404	225	496	229	
1	0.232672	1786										496	229	
2	0.066365	1788										496	229	528	229	
1	0.103264	1792										528	229	
2	0.063391	1793										528	229	525	239	
1	0.066062	1795										525	239	
2	0.099975	1798										525	239	488	240	
1	0.166276	1803										488	240	
2	0.466281	1817										488	240	371	230	
1	0.232485	1824										371	230	
2	0.099761	1827										371	230	420	234	
1	0.233026	1834										420	234	
2	0.166377	1839										420	234	496	245	
1	0.067633	1841										496	245	
2	0.065554	1843										496	245	492	235	
1	0.100396	1846										492	235	
2	0.066038	1848										492	235	490	239	
1	0.099693	1851										490	239	
2	0.366361	1862										490	239	342	262	
1	0.365715	1873										342	262	
2	0.100759	1876										342	262	404	262	
1	0.265285	1884										404	262	
2	0.133137	1888										404	262	479	248	
1	0.299529	1897										479	248	
2	0.066498	1899										479	248	531	273	
1	0.133209	1903										531	273	
2	0.366268	1914										531	273	325	272	
1	0.166067	1919										325	272	
2	0.366283	1930										325	272	400	264	
1	0.332523	1940										400	264	
2	0.067078	1942										400	264	425	254	
1	0.132497	1946										425	254	
2	0.066753	1948										425	254	517	280	
1	0.166277	1953										517	280	
2	0.499576	1968										517	280	348	295	
1	0.132669	1972										348	295	
2	0.066524	1974										348	295	349	307	
1	0.132942	1978										349	307	
2	0.067433	1980										349	307	335	311	
1	0.200947	1986										335	311	
2	0.064591	1988										335	311	358	313	
1	0.099845	1991										358	313	
2	0.466081	2005										358	313	4	435	
1	0.066985	2007										4	435	
2	0.265923	2015										4	435	5	427	
1	0.071416	2017										5	427	
