1	0.36222	10	0	430	493	847	493	866	801	412	799	111	178
2	0.065175	12	0	430	493	844	493	866	801	412	799	103	185	128	179	26
1	0.399459	24	0	428	495	842	495	864	803	411	801	127	176
2	0.10019	27	0	429	498	847	498	864	803	410	803	125	169	154	170	16
1	0.232443	34	0	427	499	840	495	862	804	408	809	155	174
2	0.067555	36	0	427	499	840	494	862	804	408	809	154	177	88	191	67
1	0.132115	40	0	428	499	841	499	863	806	408	810	76	192
2	0.099934	43	0	429	499	841	499	863	805	410	804	72	193	94	192	9
1	0.266527	51	0	430	498	843	498	865	804	411	803	93	187
2	0.099632	54	0	429	499	842	499	864	804	410	807	97	186	126	188	28
1	0.132753	58	0	429	499	842	499	864	804	410	806	126	186
2	0.099941	61	0	428	498	841	492	863	804	409	809	130	185	162	187	25
1	0.099841	64	0	429	498	842	498	864	804	410	809	158	186
2	0.099607	67	0	428	499	841	493	863	806	409	804	163	187	194	182	27
1	0.266728	75	0	428	500	841	500	862	807	409	810	182	181
2	0.068133	77	0	428	499	840	494	862	805	409	809	184	188	202	188	18
1	0.430754	90	0	427	499	840	492	862	805	408	809	211	187
2	0.133245	94	0	427	499	840	494	862	805	408	808	215	190	249	190	35
1	0.13302	98	0	427	499	839	493	861	805	408	808	251	190
2	0.266904	103	0	425	497	838	493	864	804	409	806	242	193	216	-552	602
2	0.065996	108	0	425	500	837	494	862	809	406	808	197	-561	267	190	596
1	0.199397	114	0	424	501	837	501	860	807	408	809	268	184
2	0.100172	116	0	423	501	836	501	861	807	407	809	179	186	77	192	100
2	0.066546	119	0	422	499	835	495	860	806	406	808	71	187	59	206	21
1	0.532003	135	0	420	501	832	489	857	809	404	809	70	188
2	0.066571	137	0	421	501	833	497	858	807	405	810	84	181	100	186	16
1	0.19982	143	0	419	502	831	498	856	808	403	812	109	185
2	0.066367	145	0	419	503	831	499	855	809	403	811	104	195	135	184	32
1	0.332891	155	0	419	503	831	500	857	814	403	812	138	183
2	0.067119	157	0	419	502	831	499	856	810	403	811	135	184	150	185	15
1	0.199226	163	0	419	507	832	501	855	812	402	813	152	185
2	0.067075	165	0	418	509	832	502	855	812	402	814	152	181	99	186	52
1	0.399195	170	0	418	509	831	502	856	814	402	814	83	178
1	0.099369	180	0	415	505	832	501	855	811	403	814	244	185
2	0.099796	182	0	418	509	832	502	855	812	402	821	245	184	238	178	10
1	0.499219	194	0	418	509	832	502	855	813	402	814	234	178
1	0.333912	204	0	415	505	832	501	855	810	402	821	181	182
1	0.132631	212	0	419	503	831	500	855	808	403	812	207	192
2	0.065682	214	0	415	503	831	500	855	808	403	812	209	195	253	191	43
1	0.931866	225	0	414	505	830	500	854	808	402	812	252	191
1	0.368378	245	0	415	505	830	500	854	808	403	811	98	190
1	0.230979	256	0	412	503	828	501	851	801	400	809	141	195
1	0.265953	268	0	412	509	828	502	851	806	399	821	140	191
2	0.067105	270	0	411	508	828	501	851	810	398	814	149	192	164	196	14
1	0.29866	279	0	411	510	827	503	850	811	398	815	160	193
2	0.067361	281	0	411	510	827	503	850	812	398	815	161	193	187	181	26
1	0.266549	289	0	411	509	828	502	851	806	398	820	192	184
2	0.065533	291	0	412	510	828	503	852	815	399	821	196	186	218	189	23
1	0.13297	295	0	412	509	829	502	851	811	399	814	221	192
2	0.06673	297	0	412	509	829	502	853	814	399	821	219	188	268	191	47
1	0.199521	299	0	412	509	829	502	851	812	399	821	264	187
1	0.199826	306	0	412	510	829	503	851	812	399	815	256	192
1	0.998452	338	0	412	509	828	502	851	812	399	821	240	188
2	0.099707	342	0	412	508	825	501	852	811	399	818	67	194	45	201	10
1	0.132881	346	0	412	508	825	501	852	806	399	820	47	198
2	0.100309	349	0	413	509	829	502	852	811	399	817	49	197	96	196	46
1	0.498952	354	0	412	508	828	501	851	813	399	820	90	191
1	0.13411	368	0	411	507	824	497	851	810	399	810	115	197
2	0.099003	371	0	412	507	827	500	851	810	398	812	115	189	124	197	13
1	0.235482	378	0	412	508	824	501	851	805	399	820	139	195
2	0.097115	381	0	412	508	828	501	852	811	399	819	139	196	148	196	10
1	0.166429	386	0	411	509	823	498	850	806	397	820	156	196
2	0.100402	388	0	411	509	823	498	850	812	397	820	158	196	190	196	32
1	0.332267	395	0	410	510	822	498	849	807	397	820	196	196
1	0.499098	410	0	409	510	821	498	848	812	396	814	229	199
1	0.232607	418	0	410	512	822	505	848	814	397	817	246	196
1	0.400033	423	0	411	513	823	506	850	816	397	824	266	190
1	0.266232	441	0	412	513	824	506	850	810	399	824	54	202
2	0.199243	443	0	412	513	824	504	851	816	399	824	57	204	84	193	30
1	0.166234	449	0	411	512	824	505	850	809	398	823	78	199
1	0.066793	454	0	411	512	823	505	849	814	397	823	75	204
2	0.09959	457	0	411	512	823	505	850	816	397	822	80	203	104	206	11
1	0.232804	459	0	411	513	823	506	850	816	397	823	104	202
1	0.166582	469	0	411	515	822	506	849	818	397	824	156	203
2	0.432603	471	0	411	515	822	505	849	818	397	826	161	204	176	204	15
1	0.366203	484	0	411	514	823	507	850	816	398	825	199	203
1	0.26615	497	0	411	514	822	507	849	818	397	824	260	203
1	0.066969	503	0	411	514	823	505	850	814	398	819	270	203
2	0.101113	506	0	411	514	822	507	848	810	397	824	248	204	75	218	153
1	0.198107	509	0	409	514	822	507	848	811	396	825	59	216
1	0.332683	515	0	410	513	822	506	849	819	397	824	80	215
1	0.399155	529	0	409	516	821	507	847	813	396	827	119	207
1	1.23126	536	0	409	518	820	508	847	815	396	829	154	207
1	0.102994	573	0	412	519	823	512	850	822	399	829	61	222
2	0.063498	575	0	412	520	823	509	850	817	399	830	54	216	71	191	34
1	0.200151	578	0	412	519	823	508	850	816	399	830	74	186
1	0.432003	583	0	412	520	823	509	850	822	399	829	105	183
1	0.233881	601	0	411	521	822	509	849	818	397	831	175	185
2	0.065571	603	0	411	517	822	509	849	822	397	831	185	189	216	185	31
1	0.499085	618	0	410	522	821	510	848	819	396	832	217	183
2	0.06642	620	0	410	522	820	510	847	819	396	832	218	183	243	180	24
1	0.133358	624	0	410	521	821	509	848	824	396	832	245	180
2	0.133161	628	0	410	522	820	512	847	819	396	832	246	182	255	180	13
1	0.166338	633	0	409	522	820	512	847	825	395	832	266	179
2	0.067402	635	0	409	522	819	510	846	824	396	824	270	178	144	197	124
1	0.365174	639	0	409	522	819	511	846	820	394	833	53	195
1	0.332721	656	0	409	525	820	518	847	826	395	834	98	189
2	0.066572	658	0	409	524	820	517	847	826	395	833	106	189	126	189	20
1	0.432557	663	0	411	526	821	517	848	828	396	836	143	188
1	0.399303	675	0	411	526	821	516	848	828	397	836	188	183
1	0.332999	685	0	410	526	821	516	848	830	396	835	236	187
1	0.998808	698	0	410	527	820	516	846	825	395	838	63	195
1	0.265533	731	0	409	528	820	516	847	829	395	833	92	234
2	0.066512	733	0	410	527	821	517	848	830	395	837	112	227	150	226	39
1	0.499277	740	0	409	528	820	517	847	831	395	839	151	225
1	0.066453	750	0	406	528	817	517	844	826	393	838	187	226
2	0.099903	753	0	406	528	817	518	844	825	393	839	194	226	216	226	12
1	0.399176	762	0	408	528	818	517	845	825	393	839	217	226
1	2.02976	767	0	407	529	818	518	845	829	394	835	226	226
1	0.199853	829	0	406	531	816	522	843	827	392	840	184	232
1	0.232757	839	0	404	530	815	520	842	826	390	840	217	232
2	1.36462	841	0	404	528	815	519	845	834	390	839	218	232	271	230	52
1	0.465729	890	0	403	528	814	519	843	832	390	839	149	243
1	0.199758	897	0	403	530	814	521	843	828	390	839	180	242
1	0.166382	905	0	402	529	813	520	842	826	392	839	200	241
2	0.26657	907	0	402	530	813	521	842	827	388	841	200	241	228	240	28
1	2.12956	919	0	403	530	814	520	842	827	393	839	241	240
1	1.46384	985	0	402	533	812	524	842	831	388	848	177	247
1	0.765595	1028	0	402	538	812	524	842	831	391	842	1237	-513
1	0.332936	1051	0	401	538	811	524	840	832	390	848	156	249
1	0.398948	1066	0	398	539	808	525	836	830	387	844	183	249
2	0.133112	1068	0	398	539	807	525	837	832	383	844	187	251	211	252	23
1	0.232984	1072	0	397	540	807	526	835	831	386	845	211	248
1	0.499166	1081	0	399	538	808	526	838	831	388	843	237	250
1	0.632233	1093	0	401	541	811	527	840	834	390	846	957	-712
2	0.16638	1112	0	402	540	812	526	842	832	391	851	145	258	657	-796	947
2	0.266711	1117	0	402	538	811	527	841	834	391	846	145	260	770	-717	945
2	0.165906	1126	0	401	539	810	527	840	832	390	843	121	265	528	-1002	982
1	0.166595	1131	0	402	540	812	526	841	832	391	851	149	254
2	0.066339	1135	0	402	541	812	527	841	832	391	846	521	-1024	176	256	1017
1	0.166224	1137	0	402	541	811	527	841	835	391	846	177	256
1	0.300039	1149	0	400	539	810	525	838	829	389	850	201	255
2	0.099811	1152	0	399	540	809	526	839	831	388	845	210	255	224	256	11
1	0.365559	1154	0	399	540	809	526	838	834	388	843	234	256
1	0.166588	1168	0	400	540	810	526	839	829	389	851	228	253
2	0.067045	1170	0	400	539	810	525	838	829	390	841	231	259	218	259	13
1	0.465384	1173	0	399	540	809	526	838	831	389	842	220	257
1	1.56374	1189	0	397	541	807	527	836	833	386	847	248	256
2	0.066646	1233	0	401	542	810	528	840	835	390	852	101	268	1130	-388	1074
2	0.1337	1235	0	401	542	811	528	840	833	390	844	1100	-377	140	272	1035
2	0.133198	1239	0	401	541	811	527	841	842	390	846	629	-752	151	264	942
2	0.099232	1243	0	401	541	811	527	840	835	390	852	148	260	712	-738	956
1	0.432601	1252	0	401	542	810	528	839	834	390	852	195	263
1	1.03247	1260	0	400	543	809	529	838	834	389	853	227	259
2	0.731224	1290	0	394	545	804	527	836	833	387	855	613	-845	220	257	897
1	3.42746	1328	0	393	548	802	530	834	838	385	857	220	255
1	0.166368	1415	0	391	548	800	531	832	836	384	854	85	274
2	0.100109	1420	0	389	553	799	532	834	837	382	865	74	260	739	-600	912
2	0.598906	1423	0	394	548	800	531	835	835	383	855	1217	-268	834	-625	439
1	0.266292	1446	0	386	547	795	528	827	833	378	853	152	263
2	0.066262	1449	0	384	550	795	529	827	834	377	855	117	262	986	-416	987
2	0.100242	1451	0	385	545	795	528	827	833	377	851	1017	-396	108	268	986
2	0.066169	1454	0	385	547	794	528	827	835	377	855	1077	-377	105	264	1047
1	0.432584	1456	0	383	548	794	530	826	836	376	857	105	261
1	0.665593	1480	0	401	541	805	537	830	840	383	840	88	272
1	0.432829	1491	0	440	520	844	525	863	829	416	824	138	268
1	2.16261	1502	0	460	502	861	511	871	813	432	796	166	285
1	0.465884	1579	0	512	463	932	478	940	793	481	766	79	321
2	0.066694	1581	0	512	464	932	479	940	793	481	765	83	320	116	318	33
1	0.133299	1585	0	511	463	932	478	940	791	480	764	113	319
2	0.099495	1588	0	513	460	933	475	941	789	481	762	110	320	134	320	21
1	0.166633	1593	0	512	463	932	478	940	794	481	764	134	315
2	0.066463	1595	0	511	463	931	478	940	795	480	765	135	318	159	315	23
1	0.16666	1600	0	507	462	928	474	935	787	477	763	161	318
2	0.099634	1603	0	504	462	926	470	933	790	474	767	162	313	176	315	14
1	1.43117	1606	0	504	463	926	472	933	787	474	769	185	312
1	2.5621	1651	0	494	470	912	477	927	790	466	768	79	329
1	0.432909	1733	0	494	479	909	486	922	795	467	786	90	315
2	0.099345	1738	0	492	482	907	485	921	802	466	784	506	-804	138	316	1004
1	0.266177	1746	0	490	481	907	488	919	797	464	786	134	312
2	1.23134	1748	0	491	480	906	487	919	796	464	782	133	315	184	313	51
1	0.199556	1785	0	488	482	905	485	917	798	463	787	1079	-733
1	0.199718	1795	0	487	482	905	485	917	798	463	787	122	294
2	0.066328	1797	0	486	482	906	485	918	798	464	788	116	292	158	288	43
1	0.266511	1805	0	490	481	906	477	918	797	464	786	163	292
2	0.099754	1808	0	489	481	905	483	917	796	463	786	161	290	210	286	25
1	1.19854	1812	0	487	481	905	485	917	797	463	786	211	284
1	0.29869	1853	0	484	483	897	485	913	795	460	781	98	308
2	0.066667	1855	0	483	481	897	485	913	795	460	790	94	301	136	298	43
1	0.101024	1858	0	485	481	898	485	914	796	461	785	144	299
2	0.098701	1861	0	485	482	898	485	914	797	461	786	147	296	127	299	10
1	0.299497	1870	0	483	483	898	477	914	796	460	786	128	300
2	0.066572	1872	0	484	482	898	478	914	798	460	786	134	301	166	297	32
1	0.167034	1877	0	484	480	898	485	914	794	460	790	158	294
2	0.099258	1880	0	484	482	897	485	913	797	460	786	158	296	184	299	25
1	0.299227	1889	0	483	481	897	485	913	797	460	785	201	298
2	0.066759	1891	0	483	481	897	477	913	795	460	786	200	298	177	300	20
1	2.12967	1895	0	484	483	897	487	913	796	459	795	171	292
1	0.39981	1960	0	482	483	894	487	915	797	457	795	78	315
1	1.93015	1970	0	482	482	894	488	915	797	457	797	108	313
1	0.199061	2028	0	484	489	897	489	918	801	460	797	99	327
1	23.2272	2037	0	485	490	898	490	914	798	462	788	104	331
1	1.76381	2730	0	473	523	879	520	901	828	452	829	789	-726
1	0.132938	2785	0	469	523	874	519	899	827	448	831	252	-190
2	0.133091	2788	0	469	523	875	519	897	826	448	826	400	-306	223	-159	195
2	0.066583	2791	0	469	523	875	520	900	828	448	832	99	-27	383	-300	331
1	0.066792	2793	0	469	523	874	520	896	828	448	832	460	-354
2	0.066334	2795	0	469	523	875	519	900	827	448	831	550	-395	723	-610	200
1	0.06631	2797	0	469	523	875	519	897	830	448	826	732	-595
2	0.100215	2800	0	470	523	876	519	901	826	449	826	726	-614	335	-223	421
1	0.1082	2803	0	469	523	875	519	897	830	448	825	628	-495
2	0.091436	2806	0	469	523	875	519	897	827	448	826	717	-613	414	-283	198
1	2.19598	2815	0	469	523	875	520	897	827	448	826	402	-292
1	0.199646	2877	0	462	533	869	526	893	832	444	832	783	-746
2	0.066941	2879	0	461	534	870	527	894	835	443	834	860	-804	747	-705	107
2	0.066184	2881	0	461	534	870	527	895	834	444	833	754	-701	540	-460	243
1	0.233298	2888	0	461	534	870	527	894	836	444	833	520	-454
2	0.133163	2891	0	460	534	870	527	894	836	443	834	443	-381	333	-268	130
2	0.099639	2895	0	460	534	869	527	894	835	442	839	272	-212	357	-303	103
1	3.19434	2898	0	460	533	869	526	893	832	444	832	306	-248
1	0.067372	2993	0	455	541	861	536	883	846	434	844	662	-939
2	0.065863	2995	0	455	541	860	537	882	848	434	845	654	-924	561	-792	110
1	0.09984	2998	0	457	543	862	539	884	848	436	844	589	-845
2	0.466014	3000	0	450	549	861	538	879	858	426	859	576	-809	704	-986	152
1	0.1666	3014	0	408	579	823	575	842	887	384	890	686	-1033
1	0.099555	3020	0	409	581	822	581	841	899	385	891	626	-988
2	0.099692	3022	0	414	578	827	583	846	899	390	891	451	-769	184	-473	305
2	0.070709	3025	0	433	592	848	599	860	912	404	899	82	-435	-5	-353	100
1	0.09565	3028	0	439	594	855	597	867	914	410	902	-127	-278
2	0.066637	3030	0	443	588	857	591	877	909	416	898	-143	-264	-68	-283	67
1	0.06703	3032	0	443	586	858	591	878	908	412	907	-132	-245
2	1.63009	3034	0	444	585	860	589	880	908	416	903	-235	-137	-391	-5	200
1	1.09865	3083	0	444	581	861	590	875	914	407	898	-214	-1171
1	0.598461	3122	0	426	589	846	599	860	924	394	901	-574	-1112
2	0.06652	3134	0	418	586	843	594	855	917	387	913	-606	-803	-647	-820	35
1	3.59432	3137	0	424	586	843	593	858	919	391	900	-760	-941
1	0.066028	3244	0	425	579	849	586	862	905	395	893	-634	-895
2	0.066825	3246	0	425	579	849	586	862	905	395	893	-615	-903	-641	-891	22
2	0.066488	3248	0	424	580	849	587	862	906	395	893	-655	-882	-621	-907	33
1	1.83039	3251	0	425	579	849	586	862	911	394	905	-602	-850
1	5.12424	3308	0	423	584	846	590	859	910	393	897	-650	-1031
1	0.101632	3458	0	414	580	833	586	854	910	382	906	-784	-963
1	3.4924	3461	0	414	581	833	587	854	910	383	902	-815	-977
1	0.099777	3567	0	403	592	821	592	841	910	376	910	-590	-1138
2	3.59396	3569	0	403	593	822	593	842	914	376	905	-618	-1202	-584	-1224	28
1	2.76198	3682	0	403	598	820	598	839	915	375	911	-706	-1044
2	0.066831	3760	0	403	597	821	597	840	914	376	910	-549	-1179	-756	-1013	199
1	1.76342	3762	0	404	597	821	597	841	921	376	914	-775	-1021
1	0.133151	3817	0	403	596	821	596	841	921	375	916	-614	-1129
2	0.066936	3819	0	404	590	821	596	840	913	377	909	-637	-1036	-592	-1061	41
2	2.22917	3821	0	404	597	821	597	841	914	372	914	-651	-1141	-711	-1138	46
1	4.29246	3894	0	403	605	819	605	839	926	372	919	-824	-1184
1	59.9316	4021	0	404	604	820	610	840	927	373	927	-788	-1086
1	0.066502	5814	1	367	541	730	490	968	728	415	836	606	266
2	0.066599	5816	1	367	541	730	490	968	728	415	836	611	135	652	248	132
1	0.09986	5819	1	367	541	730	490	968	728	415	836	743	21
2	0.099622	5822	1	367	541	730	490	968	728	415	836	843	-539	1734	-7690	243
