2	0.068209	2	0	453	501	878	499	875	799	460	800	170	53	187	53	17
1	0.096665	4	0	453	501	878	496	875	800	460	808	187	52
2	0.099449	7	0	453	501	878	499	875	800	460	800	187	55	166	35	26
1	0.566223	24	0	449	492	876	497	873	797	457	799	175	50
2	0.066053	26	0	450	492	876	494	873	805	458	807	187	50	208	47	19
1	0.132973	30	0	448	503	870	496	870	791	458	798	223	54
2	0.0664	32	0	446	496	869	498	869	800	454	803	219	52	209	42	13
1	0.23309	39	0	448	505	870	495	871	800	458	803	213	44
2	0.066536	41	0	448	504	870	495	871	800	458	806	213	51	213	32	17
1	0.200926	44	0	448	501	870	499	872	800	453	801	241	44
1	0.100069	50	0	448	507	869	500	871	795	455	808	250	44
2	0.098413	53	0	448	506	869	498	869	802	456	804	263	18	270	39	29
1	0.333049	63	0	448	507	869	501	869	802	455	803	273	44
2	0.132701	66	0	448	496	870	501	870	795	455	802	164	55	61	61	105
1	0.499282	82	0	449	503	870	501	870	795	456	802	55	34
2	0.066395	84	0	448	496	870	501	870	802	456	806	51	34	89	32	38
1	0.133446	88	0	448	496	871	501	871	802	457	803	89	31
2	0.066256	90	0	449	496	871	501	871	802	457	806	90	39	90	55	15
1	0.200641	96	0	450	507	871	501	871	802	457	803	94	39
2	0.065536	98	0	450	507	871	501	871	802	455	806	92	32	116	52	31
1	0.166448	103	0	449	503	874	500	873	802	456	802	117	45
2	0.066492	105	0	449	502	870	500	870	802	456	805	114	27	132	44	23
1	0.200014	111	0	450	503	871	501	871	795	455	802	146	52
2	0.066257	113	0	449	497	871	500	871	801	457	807	140	56	133	36	20
1	0.066796	115	0	450	505	871	500	871	802	455	808	138	31
2	0.099616	118	0	449	502	871	499	871	802	457	808	132	39	181	55	11
1	0.233951	125	0	450	505	871	499	871	800	457	808	182	55
2	0.06603	127	0	450	501	871	499	871	800	457	803	182	57	200	58	18
1	0.165921	132	0	448	501	869	498	869	800	455	805	199	52
2	0.132971	136	0	447	494	870	499	870	794	455	801	200	43	231	35	34
1	0.199768	142	0	449	502	871	499	871	802	456	807	233	29
2	0.06689	144	0	449	502	871	499	871	800	456	800	233	31	267	44	35
1	0.499078	159	0	450	501	871	499	871	800	457	803	262	35
2	0.066931	161	0	449	494	871	499	871	793	457	800	263	49	275	38	16
1	0.232009	168	0	449	505	870	499	870	794	456	807	276	38
2	0.100326	171	0	449	505	870	499	870	800	456	804	282	39	296	39	11
1	0.100082	174	0	449	506	870	496	870	800	456	804	297	35
2	0.066103	176	0	448	495	870	497	870	794	456	801	288	44	162	76	127
1	0.299422	185	0	450	505	870	497	870	793	457	800	77	48
2	0.099713	188	0	449	497	871	500	871	802	455	809	71	49	73	28	21
1	0.499274	203	0	453	511	873	505	873	804	460	808	111	42
2	0.066673	205	0	452	511	873	506	873	812	460	810	152	39	145	61	22
1	0.399532	217	0	452	501	873	506	874	806	459	807	158	72
2	0.066213	219	0	452	509	873	505	873	807	459	814	166	66	196	75	29
1	0.199628	225	0	452	500	873	505	873	799	459	806	202	61
2	0.133516	229	0	452	508	873	506	874	808	459	810	202	69	240	62	15
1	0.165928	234	0	451	511	872	505	872	806	458	812	239	59
2	0.06679	236	0	451	503	872	506	874	808	458	813	232	75	235	58	15
1	0.232794	243	0	451	503	872	508	874	808	456	813	240	66
2	0.066677	245	0	450	511	872	507	873	810	458	816	245	63	264	59	17
1	0.632145	253	0	451	513	872	511	874	806	458	813	273	57
2	0.066605	266	0	453	512	874	511	874	812	460	816	66	44	66	62	16
1	0.299488	275	0	455	512	876	510	876	810	457	812	74	59
2	0.099784	278	0	455	513	876	508	876	810	462	812	96	68	88	48	20
1	0.134465	282	0	456	507	877	510	879	812	463	812	94	78
2	0.09874	285	0	455	513	876	509	876	812	463	814	108	57	125	68	19
1	0.199479	291	0	455	506	876	508	876	811	462	812	122	75
2	0.099747	294	0	455	517	876	511	876	812	462	813	128	66	158	62	30
1	0.232976	301	0	455	506	875	511	877	811	462	818	151	75
2	0.100138	304	0	454	506	874	507	875	812	461	815	152	81	174	62	20
1	0.23264	311	0	454	504	875	507	875	810	460	817	169	78
2	0.100114	314	0	455	516	875	510	875	812	462	816	171	82	181	47	22
1	0.265847	322	0	455	517	875	511	875	812	462	815	158	51
2	0.099875	325	0	455	507	875	511	875	812	462	816	141	80	155	61	22
1	0.099825	328	0	455	517	876	512	877	812	462	816	198	62
2	0.066577	330	0	456	514	876	512	877	812	463	816	187	60	197	75	16
1	0.366148	341	0	455	514	875	511	875	812	462	813	218	72
2	0.066403	343	0	454	515	875	511	875	812	457	813	226	78	263	85	36
1	0.565638	350	0	455	517	875	511	875	812	462	813	262	87
1	0.066609	362	0	455	515	876	512	878	812	462	818	65	96
2	0.066587	364	0	455	518	876	512	879	814	462	817	65	105	71	75	28
1	0.066541	366	0	456	508	876	513	876	813	463	814	68	92
2	0.066643	368	0	456	516	876	513	879	815	463	817	71	82	98	82	25
1	0.199547	374	0	456	515	876	507	876	814	463	814	105	88
2	0.066547	376	0	456	515	876	513	876	814	463	817	101	91	114	100	14
1	0.233389	383	0	456	516	876	513	876	814	463	818	118	91
2	0.099413	386	0	455	508	876	512	876	814	462	819	116	111	148	99	33
1	0.266199	394	0	454	509	875	514	878	816	462	818	156	105
2	0.067432	396	0	455	520	875	514	875	814	462	818	175	104	197	101	22
1	0.498429	400	0	455	517	876	514	879	816	462	816	198	109
2	0.066583	413	0	454	517	875	515	877	816	462	822	196	112	196	102	10
1	0.232728	420	0	455	521	875	514	877	809	462	819	208	110
2	0.100215	423	0	455	511	875	514	878	816	462	816	214	112	74	117	94
1	0.132643	427	0	455	520	875	514	877	811	464	822	74	101
2	0.099955	430	0	456	521	876	512	878	816	463	816	78	101	104	111	22
1	0.266437	438	0	455	520	875	513	878	815	462	815	100	104
2	0.066798	440	0	454	520	874	513	875	808	461	815	100	107	118	105	17
1	0.165876	445	0	454	519	875	513	876	812	462	817	116	105
2	0.100003	448	0	455	515	875	513	877	814	463	821	112	115	142	115	29
1	0.132955	452	0	455	511	875	514	877	816	462	816	152	122
2	0.066603	454	0	456	512	876	515	879	816	464	823	148	120	150	104	14
1	0.099778	457	0	456	517	876	515	878	816	463	819	154	105
2	0.066812	459	0	456	515	876	510	878	814	463	814	167	108	181	110	14
1	0.199427	465	0	455	519	876	513	879	814	463	818	179	112
2	0.066568	467	0	456	520	876	507	878	814	463	819	201	112	222	130	25
1	0.465858	471	0	457	515	877	513	879	812	464	819	210	127
2	0.0668	483	0	457	515	877	510	878	807	464	820	242	147	242	135	10
1	0.232688	490	0	456	519	876	513	878	814	463	820	255	130
2	0.0997	493	0	456	520	877	511	879	814	463	815	270	122	287	123	11
1	0.233031	500	0	456	519	877	512	879	814	464	820	286	123
2	0.101223	503	0	456	518	877	507	878	812	463	819	286	126	51	116	131
1	0.099171	506	0	456	514	877	511	879	805	463	818	48	123
2	0.099169	509	0	456	517	877	510	879	812	463	818	47	121	48	108	12
1	0.232745	516	0	456	513	876	508	878	812	463	817	67	117
2	0.099848	519	0	456	513	876	507	878	814	463	820	67	110	77	97	11
1	0.100352	522	0	456	519	876	509	879	812	463	820	75	90
2	0.100244	524	0	456	519	876	507	879	814	463	818	82	95	95	104	15
2	0.099743	527	0	456	520	876	510	878	814	463	820	98	114	97	104	9
2	0.098921	531	0	456	521	876	510	878	816	463	816	97	120	115	104	14
1	0.233339	538	0	458	521	878	508	880	816	463	819	114	112
2	0.06648	540	0	458	523	878	512	880	818	466	820	112	108	177	125	63
1	0.365995	551	0	458	519	878	517	881	818	465	818	172	124
2	0.066296	552	0	458	523	878	514	881	818	465	818	180	130	207	127	26
1	0.09997	555	0	459	523	879	511	881	818	466	819	204	131
2	0.099963	558	0	459	521	879	514	882	820	467	820	204	128	225	134	9
1	0.434454	572	0	460	525	880	519	883	819	467	820	217	131
2	0.064521	573	0	459	521	880	519	882	820	467	820	212	136	246	139	35
1	0.133276	577	0	460	521	880	519	883	820	467	820	242	140
2	0.066438	579	0	460	525	880	519	881	820	467	820	247	127	247	145	15
2	0.066465	581	0	460	525	880	519	883	820	467	820	247	140	294	137	43
1	0.366102	583	0	460	525	880	519	881	813	467	820	290	150
1	0.366113	603	0	459	523	879	517	882	818	466	818	65	131
2	0.066524	605	0	459	519	879	514	881	818	467	818	64	134	95	144	31
1	0.39936	617	0	458	518	877	514	879	816	463	817	98	140
2	0.066817	619	0	458	522	878	516	880	816	465	817	104	128	145	135	40
1	0.399105	631	0	458	523	877	514	879	818	466	820	161	141
2	0.066534	633	0	458	523	877	514	879	818	465	818	171	143	191	156	22
1	0.433059	646	0	458	519	878	517	880	816	466	822	177	152
2	0.066001	648	0	458	522	878	516	880	816	465	817	171	154	204	157	32
1	0.366041	659	0	460	523	879	517	881	818	467	818	200	158
2	0.066436	661	0	459	523	879	515	881	818	467	818	202	161	232	160	29
1	0.266588	669	0	458	525	878	516	880	820	466	825	244	160
2	0.067357	671	0	459	525	878	517	881	820	466	820	243	160	273	158	28
1	0.231981	678	0	459	516	878	516	880	813	467	820	267	168
2	0.066483	680	0	459	526	879	516	880	813	467	826	268	164	110	140	155
1	0.366026	691	0	459	524	878	517	881	816	466	819	63	154
2	0.066354	693	0	459	525	880	516	882	820	467	820	68	156	115	156	43
1	0.200381	699	0	459	525	878	516	881	820	467	826	114	156
2	0.066343	701	0	459	525	879	514	881	820	470	826	117	158	144	157	25
1	0.598752	719	0	458	515	878	514	880	817	466	826	167	174
2	0.067133	721	0	458	515	878	516	879	820	464	825	195	180	231	181	32
1	0.265591	729	0	457	524	878	515	879	818	466	824	233	172
2	0.066651	731	0	458	524	878	514	880	818	467	824	230	172	252	172	21
1	0.232803	738	0	458	523	878	515	880	819	467	823	261	175
2	0.066416	740	0	458	523	878	508	880	818	465	820	260	178	274	170	16
1	0.432753	744	0	458	525	877	515	878	811	469	823	273	174
1	0.166398	758	0	459	524	878	513	879	811	466	818	54	176
2	0.066669	760	0	459	521	878	517	880	819	467	827	50	168	75	173	25
1	0.199614	766	0	459	524	878	511	880	814	467	826	93	168
2	0.067257	768	0	459	519	879	515	879	811	466	818	88	178	105	187	19
1	0.165449	773	0	460	514	879	515	881	818	467	818	114	183
2	0.133235	777	0	460	519	879	514	881	818	467	818	115	189	173	190	11
1	0.59903	795	0	459	522	879	515	881	818	467	819	190	185
2	0.066489	797	0	459	519	879	515	880	811	467	818	205	191	241	191	33
1	0.465796	811	0	460	522	880	513	881	817	468	824	235	182
2	0.066508	813	0	459	522	879	513	880	810	466	820	244	184	287	192	42
1	0.199802	819	0	459	519	879	516	881	816	467	824	278	182
2	0.066397	821	0	459	513	879	516	881	818	467	820	280	175	267	185	15
1	0.399515	825	0	458	524	878	514	880	818	466	821	272	184
1	0.099808	836	0	456	518	876	514	878	819	464	826	52	190
2	0.067102	838	0	457	523	877	514	878	811	462	818	55	190	81	188	25
1	0.199091	844	0	457	519	876	514	878	811	464	818	78	191
2	0.066558	846	0	457	513	876	512	878	818	463	823	94	189	115	191	21
1	0.365928	857	0	457	528	876	520	878	822	465	829	115	177
2	0.067182	859	0	456	525	876	519	878	824	465	831	114	181	100	178	13
1	0.26558	867	0	458	528	877	517	879	818	466	828	100	178
2	0.133961	871	0	459	528	878	519	880	815	467	828	98	176	126	177	31
1	0.232271	878	0	460	529	878	518	880	824	467	826	130	182
2	0.100075	881	0	459	525	877	523	880	817	467	830	122	179	157	186	18
1	0.099565	884	0	460	530	879	521	881	820	468	824	160	186
2	0.134599	888	0	461	530	878	521	880	824	468	827	161	178	149	185	11
1	0.26473	896	0	460	531	878	524	880	824	468	831	146	183
2	0.066461	898	0	460	526	880	522	882	826	469	832	158	192	174	188	16
1	0.565709	904	0	461	527	880	523	882	826	469	829	174	193
1	0.100546	918	0	461	531	880	523	882	826	468	826	58	204
2	0.066489	920	0	462	532	879	521	882	826	469	832	58	235	86	198	44
1	0.399063	932	0	461	525	881	521	883	825	470	832	100	185
2	0.067089	934	0	461	526	880	524	882	826	469	833	111	177	151	180	38
1	0.232247	941	0	462	530	879	523	882	825	469	831	149	176
2	0.06652	943	0	461	530	879	520	881	824	468	831	147	176	175	172	26
1	0.299348	952	0	461	530	879	520	880	817	468	829	172	176
2	0.066655	954	0	461	530	879	521	881	818	468	831	175	169	200	182	26
1	0.133045	958	0	461	531	880	522	881	819	468	832	199	176
2	0.0998	961	0	461	531	880	521	881	824	469	831	203	171	184	178	16
1	0.399377	973	0	460	527	880	522	881	822	467	832	181	174
2	0.066484	975	0	460	522	880	523	881	824	469	832	180	178	204	180	23
1	0.232922	982	0	462	532	880	521	882	819	469	832	205	173
2	0.099867	985	0	462	532	880	525	882	826	469	833	205	173	239	175	29
1	0.299318	994	0	461	534	880	523	881	828	467	828	243	170
2	0.100136	997	0	459	533	880	521	881	821	469	834	229	166	263	173	40
1	0.299183	1006	0	461	535	878	525	881	829	469	835	269	161
2	0.300362	1008	0	459	524	878	525	880	828	468	831	262	166	272	160	11
1	0.299389	1022	0	462	534	880	523	882	829	470	835	34	170
2	0.099721	1027	0	463	534	881	523	883	829	470	834	33	173	76	173	20
1	0.398838	1039	0	461	533	879	523	881	826	468	833	78	175
2	0.06776	1041	0	460	531	879	522	880	826	468	831	95	176	138	180	40
1	0.298249	1050	0	461	531	880	520	881	822	469	831	136	174
2	0.099962	1052	0	462	531	880	521	881	826	469	834	137	179	73	176	61
2	0.066421	1055	0	461	531	878	522	880	826	468	831	66	192	66	176	13
1	0.465856	1069	0	461	525	875	518	881	816	472	828	72	181
2	0.066601	1071	0	462	530	880	519	881	824	472	829	74	170	94	175	19
1	0.13318	1075	0	462	531	880	521	881	824	472	830	93	175
2	0.132922	1079	0	462	530	880	520	881	824	472	829	94	179	140	175	49
1	0.133364	1083	0	462	531	880	520	882	826	470	830	143	175
2	0.06624	1085	0	462	530	875	522	881	820	470	830	145	181	175	185	28
1	0.200434	1091	0	461	530	880	521	881	825	467	830	178	181
2	0.099197	1094	0	462	531	880	522	881	822	472	830	173	175	199	183	24
1	0.499117	1109	0	461	531	880	521	880	826	471	831	211	183
2	0.06643	1111	0	462	531	880	519	881	826	469	831	221	189	264	188	41
1	0.765531	1125	0	461	531	874	522	880	824	468	830	264	190
1	0.133175	1138	0	461	530	874	521	880	824	468	825	21	215
2	0.099833	1140	0	460	520	880	520	881	832	471	831	31	217	30	202	13
2	0.099759	1143	0	460	530	873	521	879	822	467	829	31	217	62	199	12
1	0.465908	1157	0	461	531	874	523	880	826	471	830	72	200
2	0.067184	1159	0	461	532	874	522	880	824	469	834	84	191	108	196	22
1	0.365651	1170	0	461	532	874	523	880	821	469	831	129	191
2	0.099747	1173	0	461	532	874	523	880	824	471	831	132	190	180	196	47
1	0.199551	1179	0	462	533	875	524	881	823	472	835	175	193
2	0.099852	1182	0	462	534	874	525	880	828	469	833	182	192	215	192	32
1	0.16674	1187	0	462	534	880	525	880	821	472	834	209	196
2	0.066067	1189	0	462	535	880	525	880	828	472	833	215	199	202	196	12
1	0.23634	1197	0	461	534	879	524	880	828	471	828	203	198
2	0.129789	1200	0	459	534	874	523	880	823	469	835	202	198	255	190	44
1	0.300265	1209	0	462	534	880	524	881	829	472	836	248	196
2	0.265554	1211	0	462	535	880	525	880	822	469	834	248	200	278	202	30
1	0.100374	1220	0	460	524	874	525	880	824	471	836	37	208
2	0.066161	1222	0	461	535	875	528	880	821	471	833	37	200	20	198	16
1	0.233132	1229	0	462	533	880	524	881	828	472	833	18	199
2	0.099182	1232	0	462	533	880	523	881	823	472	835	18	208	70	203	40
1	0.766061	1243	0	463	533	881	523	881	827	470	834	68	200
1	0.099851	1258	0	462	534	875	528	880	828	472	833	82	190
2	0.066097	1260	0	462	534	874	525	880	824	472	831	80	183	69	196	13
1	0.333842	1270	0	462	535	875	528	883	828	472	832	71	191
2	0.066016	1272	0	459	535	874	528	879	824	471	833	76	195	127	196	44
1	0.199004	1278	0	459	537	874	530	879	830	471	835	125	192
2	0.066736	1280	0	459	537	875	530	880	830	472	835	122	188	105	197	17
1	0.199479	1286	0	462	537	880	527	880	830	472	835	103	198
2	0.066691	1288	0	462	537	875	528	880	823	472	835	111	204	145	204	31
1	0.2333	1295	0	461	538	874	529	883	825	471	836	145	200
2	0.099546	1298	0	461	539	874	529	883	825	471	837	143	197	100	197	39
1	0.133076	1302	0	462	533	880	527	883	832	472	839	97	198
2	0.066354	1304	0	462	538	879	523	880	826	469	840	99	195	146	194	46
1	0.432632	1317	0	461	539	875	529	880	828	471	838	171	200
2	0.066366	1319	0	461	540	875	530	880	826	471	838	182	198	215	200	30
1	0.332963	1329	0	463	539	876	529	881	826	473	838	212	201
2	0.066539	1331	0	463	539	876	530	881	834	471	838	219	203	242	201	22
1	0.199492	1337	0	461	540	880	530	881	826	472	838	237	200
2	0.133339	1341	0	462	539	875	530	880	832	472	841	244	200	75	201	75
1	0.366889	1352	0	460	539	875	529	880	831	472	839	15	209
2	0.066057	1354	0	461	539	875	529	880	825	471	837	20	214	63	205	43
1	0.232538	1361	0	459	528	875	528	880	829	471	836	62	219
2	0.099842	1364	0	458	537	873	527	879	823	471	835	62	206	104	205	26
1	0.099888	1367	0	459	538	874	528	881	828	471	835	101	202
2	0.099981	1370	0	458	531	873	529	881	832	470	835	101	202	79	206	10
1	0.232717	1377	0	457	537	873	528	882	832	470	836	86	203
2	0.13292	1381	0	459	538	874	528	880	824	471	835	85	198	122	209	22
1	0.698989	1402	0	460	539	874	530	882	832	472	837	120	204
2	0.133067	1406	0	460	538	874	529	883	825	472	837	121	208	146	207	18
1	0.166323	1411	0	461	539	874	530	882	830	471	837	146	206
2	0.066847	1413	0	458	536	873	528	881	832	470	835	151	209	169	212	17
1	0.099602	1416	0	459	538	873	528	882	825	470	836	169	207
2	0.066902	1418	0	461	540	874	530	882	827	471	838	172	212	200	207	25
1	0.332381	1428	0	463	542	876	533	881	836	473	840	210	209
2	0.099871	1431	0	463	542	876	533	881	836	473	836	209	213	235	222	13
1	0.166387	1436	0	463	542	876	533	885	837	473	839	229	219
2	0.066513	1438	0	460	543	875	533	883	829	472	841	225	213	260	222	33
1	0.299535	1447	0	461	544	876	535	884	832	474	843	258	218
2	0.099809	1450	0	460	538	876	536	881	832	473	843	255	225	62	230	82
1	0.366052	1461	0	463	545	877	534	885	834	473	838	26	234
2	0.099766	1464	0	461	543	875	533	883	829	472	840	21	231	33	230	12
1	0.099995	1467	0	460	542	874	533	882	830	472	841	31	228
2	0.06645	1469	0	461	542	874	534	882	830	471	840	31	230	15	228	16
1	0.166338	1474	0	460	541	874	533	882	836	471	840	20	224
2	0.100317	1477	0	461	543	874	532	882	836	471	839	17	229	56	219	37
1	0.332176	1487	0	461	541	874	531	882	827	471	837	47	226
2	0.100788	1490	0	459	539	873	529	881	828	471	839	46	221	92	220	44
1	0.305335	1499	0	459	539	874	530	882	826	471	837	89	224
2	0.492508	1502	0	459	540	874	529	882	826	471	836	101	221	122	216	17
1	0.166195	1517	0	460	538	874	527	882	824	472	834	160	223
2	0.102298	1522	0	460	537	876	528	881	825	472	837	167	227	196	227	12
1	0.263929	1530	0	460	536	876	528	881	824	472	835	194	229
2	0.066782	1532	0	460	538	875	528	882	824	472	835	192	228	212	229	19
1	0.43275	1545	0	460	537	876	529	883	826	473	836	213	233
2	0.067306	1547	0	459	537	876	528	882	824	472	835	214	238	200	233	15
1	0.165454	1552	0	459	536	875	528	881	824	472	835	201	233
2	0.100593	1555	0	459	533	875	528	884	838	472	838	207	237	262	237	55
1	0.498388	1567	0	458	536	873	527	882	831	471	839	266	234
1	0.498791	1585	0	460	539	875	528	883	831	472	838	28	257
2	0.133324	1589	0	459	539	874	529	882	825	471	835	47	251	65	254	16
1	0.166345	1594	0	459	539	874	529	882	829	471	836	63	250
2	0.066555	1596	0	460	539	874	529	882	826	472	836	69	250	79	252	10
1	0.100014	1599	0	459	537	875	529	883	826	472	836	79	252
2	0.132915	1603	0	459	537	875	529	883	826	472	836	77	248	141	250	29
1	0.366017	1614	0	458	536	873	522	882	828	471	834	122	250
2	0.06676	1616	0	460	538	874	527	883	828	472	834	115	250	81	249	32
1	0.166068	1621	0	459	530	874	526	883	828	472	836	86	250
2	0.066676	1623	0	459	535	874	527	883	825	472	836	82	254	104	251	20
1	1.198	1646	0	460	535	875	525	884	824	473	832	143	254
2	0.133826	1661	0	460	532	875	524	883	821	473	831	245	79	248	18	57
1	0.465214	1668	0	461	533	876	523	884	821	474	831	257	154
2	0.101209	1680	0	461	531	876	522	884	824	473	830	30	216	11	224	14
1	0.431168	1693	0	461	529	875	521	882	818	473	828	14	234
2	0.100223	1695	0	460	529	875	520	883	824	473	827	24	235	73	238	45
2	0.066119	1698	0	460	528	875	520	884	818	473	830	72	244	66	232	12
1	0.19966	1704	0	460	530	875	520	882	815	473	827	69	240
2	0.067184	1706	0	460	528	874	520	883	816	473	827	69	246	115	234	46
1	0.76476	1717	0	460	527	874	518	883	815	473	828	118	236
1	0.100584	1732	0	459	529	874	519	882	821	472	828	154	238
2	0.065581	1733	0	459	529	874	519	882	818	472	828	151	240	198	235	45
1	0.26643	1741	0	459	530	874	519	882	816	472	825	202	247
2	0.066792	1743	0	459	525	874	517	882	822	472	827	208	248	229	255	21
1	0.332539	1753	0	460	526	875	518	882	815	473	825	225	258
2	0.066514	1755	0	460	528	875	518	882	815	473	827	222	247	235	251	13
2	0.066548	1757	0	460	527	874	517	883	814	473	823	233	260	210	250	24
1	0.236039	1765	0	461	527	875	518	884	822	474	825	217	252
2	0.130066	1767	0	461	529	876	518	884	822	474	826	222	260	267	253	22
2	0.066724	1770	0	461	528	876	519	884	820	474	827	264	261	279	254	15
1	0.233962	1773	0	462	531	877	520	884	817	475	827	276	257
1	0.131979	1781	0	462	526	877	517	885	814	475	825	23	286
2	0.066475	1783	0	462	526	877	512	885	818	475	828	23	281	8	289	14
1	0.299495	1792	0	463	527	878	517	886	815	475	828	11	290
2	0.066547	1794	0	463	527	878	517	886	822	475	825	13	292	46	293	31
1	0.831763	1819	0	461	524	875	514	883	813	473	826	76	286
2	0.067193	1821	0	460	524	875	514	883	814	474	826	85	276	128	277	41
1	0.233827	1828	0	459	527	874	516	882	813	472	825	125	279
2	0.098461	1831	0	459	526	874	515	881	812	472	821	122	284	131	276	10
1	0.432595	1844	0	458	527	873	516	881	813	471	825	161	274
2	0.06677	1846	0	458	524	873	516	881	813	472	825	173	281	215	277	39
1	0.998086	1876	0	458	526	873	515	881	813	471	824	216	277
2	0.09993	1879	0	458	526	872	515	880	812	471	825	233	285	243	282	10
2	0.06644	1881	0	458	526	873	515	881	813	471	825	224	280	43	287	172
1	0.266877	1889	0	458	525	874	515	882	811	472	822	11	301
2	0.065891	1891	0	459	525	874	515	882	813	472	824	10	296	27	296	15
1	0.266272	1899	0	460	529	875	514	883	812	473	822	41	290
2	0.066512	1901	0	459	524	874	513	881	811	472	825	41	289	82	284	38
1	0.266165	1909	0	459	524	873	513	881	811	472	822	84	288
2	0.066759	1911	0	459	523	873	505	881	808	472	822	82	289	127	289	41
1	0.266061	1919	0	459	523	874	512	882	809	471	825	122	286
2	0.067041	1921	0	459	523	874	510	881	810	472	821	125	292	151	289	24
1	0.398939	1933	0	459	524	873	510	881	810	472	822	146	288
2	0.066446	1935	0	458	523	873	512	881	809	472	822	144	294	200	286	54
1	0.931829	1963	0	462	520	877	511	885	811	475	822	221	293
2	0.066458	1965	0	464	521	879	511	887	804	477	819	234	300	248	305	13
1	0.100157	1968	0	464	523	879	512	887	814	477	823	253	296
2	0.066258	1970	0	465	522	880	513	888	811	478	821	199	299	23	316	168
1	0.099783	1973	0	465	523	880	512	889	824	478	824	21	307
2	0.133339	1977	0	465	521	880	512	889	810	478	820	18	312	4	310	24
1	0.599249	1995	0	466	522	883	513	891	811	481	823	35	307
2	0.066194	1997	0	469	521	884	512	892	809	482	819	60	306	78	303	17
1	0.232946	2004	0	469	520	884	511	893	816	482	819	93	305
2	0.099945	2007	0	468	523	884	511	892	809	482	818	93	311	139	304	45
1	0.166522	2012	0	467	521	883	510	891	807	481	820	135	307
2	0.099444	2015	0	468	521	883	509	891	816	481	819	134	297	164	303	26
1	0.166566	2020	0	465	518	881	509	889	810	479	824	160	305
2	0.066552	2022	0	465	524	879	509	888	805	478	816	160	313	178	310	17
1	0.099611	2025	0	465	521	880	508	888	809	478	819	180	303
2	0.100362	2028	0	466	523	880	508	888	809	479	818	185	310	188	297	11
1	0.099968	2031	0	466	521	881	509	889	809	479	818	185	309
2	0.099241	2034	0	465	517	881	508	889	807	479	818	170	291	222	305	25
1	0.869338	2060	0	467	524	881	509	889	808	480	818	224	304
2	0.095716	2063	0	466	521	881	509	889	805	480	815	231	313	250	323	28
1	0.267151	2071	0	466	519	881	507	889	805	480	817	250	322
2	0.098783	2074	0	467	520	882	507	890	808	480	814	240	305	-4	332	162
1	0.133046	2078	0	467	520	882	508	890	812	481	818	-8	323
2	0.066504	2080	0	466	516	882	507	890	810	480	817	-2	327	33	325	33
1	0.233966	2087	0	467	523	882	508	890	810	481	815	21	322
2	0.065691	2089	0	467	520	882	508	891	808	480	818	20	323	53	320	31
1	0.166345	2094	0	467	519	882	507	891	805	481	814	52	323
2	0.06664	2096	0	467	519	882	507	890	805	479	817	54	319	85	325	29
1	0.598924	2114	0	467	518	883	509	891	806	481	819	105	323
2	0.133111	2118	0	467	520	882	508	890	805	480	815	125	325	172	322	33
1	0.100173	2121	0	466	521	881	509	889	808	479	819	170	319
2	0.101371	2124	0	466	522	881	510	889	806	479	816	179	322	205	322	9
1	0.197999	2130	0	466	517	881	509	890	806	480	815	200	326
2	0.099514	2133	0	467	520	882	508	890	807	480	818	209	306	202	325	17
1	0.199754	2139	0	466	522	880	510	889	810	480	820	240	323
2	0.399561	2141	0	465	524	880	509	888	807	479	823	238	325	250	328	12
1	0.666631	2154	0	464	517	880	509	888	804	479	817	18	347
1	1.03023	2202	0	462	527	878	513	886	815	476	828	311	44
2	0.099927	2205	0	464	530	880	515	887	815	478	828	308	50	354	36	49
1	0.133656	2209	0	464	531	879	518	887	814	477	829	352	33
2	0.066655	2211	0	464	531	879	516	887	814	477	829	355	47	394	34	39
1	0.199425	2217	0	463	533	879	515	886	811	476	830	386	36
2	0.066239	2219	0	462	531	879	516	886	811	476	830	400	33	435	28	33
1	0.299423	2228	0	462	531	876	515	887	825	476	829	443	27
2	0.066982	2230	0	462	529	878	517	885	810	474	825	435	40	458	37	22
1	0.165971	2235	0	461	533	878	515	885	810	475	829	453	37
2	0.066425	2237	0	461	530	877	513	884	816	475	828	457	33	510	37	51
1	0.299735	2246	0	461	534	876	517	884	818	473	833	508	36
2	0.06669	2248	0	461	537	876	520	883	819	474	833	507	41	520	43	13
1	0.132737	2252	0	462	542	878	527	885	827	473	838	520	34
2	0.068586	2254	0	462	541	878	528	885	827	475	839	516	33	525	7	24
1	0.064635	2256	0	461	541	873	528	884	828	473	840	528	18
2	0.066427	2258	0	461	541	873	528	884	832	474	840	511	32	352	58	154
1	0.700175	2279	0	460	541	872	526	883	826	471	840	279	75
2	0.065188	2281	0	460	541	872	525	882	822	471	841	291	71	317	66	26
1	0.099692	2284	0	459	539	871	523	881	821	472	839	320	68
2	0.099901	2287	0	459	539	871	525	882	827	472	838	324	62	301	68	9
1	0.200015	2293	0	460	539	876	524	883	821	473	838	292	67
2	0.066214	2295	0	461	540	873	526	883	825	472	839	292	69	318	65	25
1	0.133369	2299	0	461	541	877	528	883	822	473	840	330	59
2	0.132876	2303	0	460	542	877	529	884	829	473	840	339	67	352	51	11
1	0.200016	2309	0	461	541	873	525	884	826	473	840	358	61
2	0.0995	2312	0	461	544	877	526	885	828	474	837	359	47	383	59	10
1	0.272215	2320	0	461	541	874	525	884	822	474	837	383	52
2	0.062405	2322	0	461	541	873	525	883	825	474	840	385	42	359	49	21
1	0.103403	2325	0	461	541	874	527	884	822	472	837	353	59
2	0.128081	2328	0	460	541	873	525	883	822	473	840	351	52	393	29	34
1	0.333433	2338	0	459	543	872	525	883	829	472	837	406	42
2	0.098576	2340	0	458	544	870	527	881	827	472	843	422	33	419	46	12
2	0.066879	2343	0	458	545	871	527	882	827	470	842	432	34	463	20	30
1	0.066421	2345	0	458	541	871	527	882	829	471	840	448	37
2	0.066392	2347	0	458	541	871	526	882	829	472	843	447	49	454	24	23
1	0.533634	2363	0	456	546	868	531	879	831	468	846	468	32
2	0.065422	2365	0	455	549	867	531	878	829	469	848	515	7	503	42	34
1	0.366126	2376	0	452	552	866	535	878	834	465	852	510	40
2	0.067184	2378	0	452	552	865	536	878	834	466	852	398	52	270	82	126
1	0.199151	2384	0	454	553	867	536	880	833	466	851	265	71
2	0.06643	2386	0	454	553	867	536	877	836	466	851	262	68	284	71	20
1	0.299512	2395	0	455	551	868	536	878	833	467	851	302	78
2	0.06655	2397	0	455	552	868	535	881	832	467	850	301	81	328	79	24
1	0.066576	2399	0	454	550	868	535	881	832	468	850	327	78
2	0.06654	2401	0	454	552	867	535	880	835	468	851	328	82	360	75	29
1	0.332587	2411	0	455	550	869	536	882	835	469	851	379	69
2	0.069966	2413	0	455	553	869	536	882	833	468	851	373	78	371	60	17
1	0.130408	2417	0	455	553	869	539	879	836	469	852	371	62
2	0.065964	2419	0	455	553	868	536	882	839	469	852	376	52	373	68	16
1	0.998346	2425	0	454	554	867	536	880	833	466	851	415	57
1	0.133478	2453	0	452	554	865	536	877	834	464	852	472	59
2	0.066276	2455	0	452	555	865	537	877	835	464	852	470	55	482	37	19
2	0.06685	2457	0	451	553	864	535	877	834	464	852	486	58	507	78	27
1	0.166002	2462	0	451	555	864	537	877	835	464	852	512	47
2	0.066434	2464	0	451	555	864	537	877	835	467	853	444	74	299	90	138
1	0.067422	2466	0	451	555	864	537	877	835	467	852	281	91
2	0.132527	2470	0	451	548	865	536	877	834	467	851	276	95	275	84	11
1	0.233335	2477	0	452	554	866	535	878	834	465	854	275	82
2	0.099866	2480	0	453	555	866	538	879	838	465	856	273	88	313	88	40
1	0.19951	2486	0	453	550	867	539	880	836	467	854	330	89
2	0.099641	2489	0	453	555	866	537	880	842	465	854	338	93	364	88	12
1	0.202902	2495	0	453	557	866	539	878	837	465	854	366	81
2	0.134302	2499	0	453	557	866	539	879	837	468	854	361	84	409	37	26
1	0.328046	2509	0	451	557	865	539	877	838	463	855	414	63
2	0.067766	2511	0	451	557	865	539	878	838	467	855	433	50	426	75	23
1	0.098518	2514	0	450	557	864	539	876	838	462	854	428	75
2	0.099949	2516	0	450	557	864	539	876	838	462	854	468	75	485	62	20
2	0.066537	2519	0	450	557	864	539	877	852	462	857	481	34	482	63	26
1	0.133409	2523	0	450	556	864	540	876	838	466	855	488	53
2	0.066634	2525	0	450	556	864	540	876	838	466	855	500	23	495	56	31
1	0.165957	2530	0	450	556	864	539	876	838	466	855	497	72
2	0.099888	2532	0	451	559	863	541	876	839	466	856	514	83	519	56	24
2	0.100229	2536	0	451	558	863	540	875	838	466	855	519	45	286	101	199
1	0.132677	2540	0	451	559	863	540	875	839	462	855	290	104
2	0.132964	2544	0	451	559	863	541	875	839	462	856	286	97	265	101	17
1	0.13344	2548	0	450	559	862	540	874	839	465	858	266	101
2	0.100799	2551	0	448	556	863	540	875	839	465	855	266	95	325	106	47
1	0.131962	2555	0	450	559	862	541	875	839	465	856	323	99
2	0.066641	2557	0	448	557	863	541	875	839	465	855	322	102	349	102	25
1	0.63241	2576	0	451	559	864	541	876	839	466	856	373	97
2	0.565332	2578	0	452	559	864	541	876	839	467	856	396	103	425	91	29
1	0.499182	2596	0	450	559	863	541	875	839	465	856	389	97
2	0.066783	2610	0	449	558	861	539	873	838	464	854	423	106	422	74	29
1	0.366695	2621	0	448	556	861	540	874	838	464	862	428	98
2	0.065745	2623	0	448	557	861	540	873	839	460	855	428	91	432	107	15
1	0.066591	2625	0	449	559	861	541	874	840	460	855	431	86
2	0.133184	2629	0	446	560	861	540	873	842	463	857	436	78	466	98	23
1	0.166299	2634	0	448	557	861	540	873	839	464	855	464	95
2	0.066565	2636	0	449	559	861	540	873	839	464	855	467	93	498	74	35
1	0.200023	2642	0	448	556	861	540	873	839	464	857	496	63
2	0.066	2644	0	448	556	861	539	873	838	460	854	509	97	537	97	26
1	0.07078	2646	0	448	557	861	540	874	840	460	855	534	101
2	0.096883	2649	0	447	558	861	540	875	842	464	855	537	89	433	88	92
1	0.165269	2654	0	448	556	861	539	873	838	464	856	274	119
2	0.099852	2657	0	448	556	861	539	874	838	464	854	274	108	289	116	11
1	0.599321	2675	0	447	558	862	539	874	838	464	854	283	108
2	0.066322	2677	0	448	556	861	539	873	839	464	854	281	110	307	108	24
1	0.232868	2684	0	450	558	863	540	875	839	465	855	302	107
2	0.066493	2686	0	450	558	862	540	874	839	465	858	305	104	334	103	27
1	0.266867	2694	0	448	557	862	539	874	838	460	857	333	102
2	0.099112	2696	0	447	558	861	538	873	838	463	853	339	102	365	92	27
2	0.067803	2699	0	449	558	862	539	873	839	464	854	366	104	358	91	13
1	0.098686	2702	0	449	559	862	541	874	840	460	856	357	102
2	0.066525	2704	0	448	557	862	540	873	839	460	858	357	111	360	100	12
1	0.233331	2711	0	450	558	862	542	875	841	465	857	426	87
2	0.066309	2713	0	450	558	862	542	875	841	461	857	473	75	511	36	51
1	0.133239	2717	0	449	561	861	542	874	841	464	856	505	56
2	0.099536	2720	0	448	561	860	541	873	840	463	856	503	59	503	72	28
1	0.0672	2722	0	446	559	860	541	873	840	463	856	508	62
2	0.066109	2724	0	446	559	860	541	873	840	463	856	488	62	302	92	179
1	0.099816	2727	0	449	560	861	541	874	840	464	856	259	104
2	0.071552	2729	0	446	559	861	541	873	840	464	856	264	95	296	91	29
1	0.127775	2733	0	448	560	860	540	872	839	463	855	295	93
2	0.066984	2735	0	446	557	859	540	872	839	463	857	302	95	339	72	40
1	0.399043	2747	0	446	560	861	541	872	839	459	855	352	75
2	0.066871	2749	0	449	559	861	540	873	838	464	858	361	77	400	81	37
1	0.399011	2761	0	446	560	861	540	873	839	464	857	403	72
2	0.099673	2763	0	446	557	861	539	873	839	463	854	400	80	432	75	31
1	0.59909	2767	0	445	560	860	540	873	840	458	863	430	67
2	0.10023	2785	0	449	561	862	542	874	841	464	857	416	21	467	31	14
1	0.099446	2788	0	449	559	862	541	874	840	464	858	472	26
2	0.066614	2790	0	445	560	860	539	873	840	463	857	475	30	503	26	27
1	0.066456	2792	0	445	558	861	540	874	840	463	855	503	21
2	0.067266	2794	0	446	558	861	540	874	840	463	855	501	37	503	17	19
1	0.165656	2799	0	446	558	862	540	874	840	463	860	514	36
2	0.100667	2802	0	446	560	861	540	873	839	463	858	519	43	289	73	110
1	0.13267	2806	0	446	557	862	539	873	838	464	854	291	72
2	0.066799	2808	0	446	559	861	539	873	839	463	854	290	70	280	72	10
1	0.132551	2812	0	445	558	861	538	873	838	463	853	281	70
2	0.068042	2814	0	445	558	860	537	872	837	462	853	281	72	329	73	45
1	0.232	2821	0	443	559	857	540	872	836	462	860	324	68
2	0.065959	2823	0	444	559	860	538	872	835	462	856	321	73	377	76	54
1	0.099944	2826	0	444	558	856	539	871	837	462	853	383	83
2	0.066474	2828	0	444	555	857	538	872	837	462	852	383	92	469	95	82
1	0.233296	2835	0	447	557	862	537	873	837	464	855	475	83
2	0.13325	2838	0	448	555	858	536	873	835	464	850	475	90	493	95	20
2	0.099335	2842	0	445	557	860	537	872	836	463	851	490	86	526	80	10
1	0.166712	2847	0	445	558	860	537	872	835	463	854	524	70
2	0.067759	2849	0	445	557	857	538	872	835	463	854	413	77	289	104	120
1	0.397799	2861	0	446	556	861	536	872	835	463	853	284	102
2	0.066936	2863	0	445	555	861	535	872	835	463	853	279	99	328	100	46
1	0.266166	2871	0	444	553	860	535	871	835	462	853	325	102
2	0.099887	2874	0	445	556	860	535	871	835	462	850	331	95	355	105	22
1	0.165814	2879	0	445	556	859	535	872	836	463	853	368	104
2	0.099981	2882	0	445	556	861	536	872	835	463	851	364	98	413	92	40
1	0.599258	2891	0	445	556	861	535	872	834	463	850	403	90
1	0.831883	2905	0	445	553	861	536	873	835	463	850	452	85
2	0.166256	2929	0	445	557	861	537	872	831	463	852	473	108	481	92	19
1	0.099721	2932	0	444	555	861	537	872	836	463	855	483	93
2	0.099868	2935	0	443	553	860	535	872	835	458	858	483	99	520	74	25
1	0.19971	2941	0	446	557	861	537	873	837	463	855	520	78
2	0.099723	2944	0	445	555	861	537	873	836	463	859	512	89	276	122	161
1	0.200636	2950	0	446	557	861	537	873	837	463	852	281	115
2	0.065643	2952	0	445	555	860	537	873	837	463	859	276	112	302	112	25
1	0.143172	2957	0	445	554	861	536	873	836	459	854	311	112
2	0.123044	2960	0	444	553	861	535	872	834	463	850	303	115	333	115	20
1	0.332545	2970	0	445	558	861	537	872	836	463	859	334	106
2	0.074524	2973	0	446	558	861	538	872	837	463	853	335	114	371	108	33
1	0.092163	2975	0	445	555	861	537	873	837	463	855	387	106
2	0.465804	2978	0	447	555	860	537	872	836	463	855	393	116	389	106	10
1	0.26629	2997	0	445	557	860	536	871	835	462	851	410	102
2	0.066921	2999	0	445	556	860	536	872	835	463	853	407	89	446	85	37
1	0.332279	3009	0	443	555	858	534	872	840	461	852	445	95
2	0.067347	3011	0	443	555	858	534	870	828	461	849	440	115	480	91	44
1	0.398535	3014	0	443	554	856	535	871	833	462	849	485	87
1	0.831909	3029	0	443	554	859	536	871	836	462	854	512	80
2	0.066502	3050	0	444	556	860	535	871	837	462	853	311	129	323	129	11
1	0.100843	3053	0	444	556	856	537	871	835	462	858	308	131
2	0.070172	3055	0	444	556	856	536	871	836	462	857	313	128	294	120	20
1	0.494595	3059	0	442	554	858	533	870	830	456	851	295	128
2	0.100159	3073	0	443	557	855	538	870	834	461	855	324	107	339	131	20
1	0.465765	3087	0	441	557	853	534	868	837	459	853	343	123
2	0.066612	3089	0	441	557	853	534	868	837	459	853	353	125	365	125	10
1	0.099677	3092	0	442	557	854	534	869	832	460	858	350	128
2	0.099736	3095	0	441	558	853	538	868	837	459	859	356	117	380	126	22
1	0.133129	3099	0	442	558	854	536	869	837	460	860	381	123
2	0.133525	3102	0	441	556	854	532	869	832	460	859	382	135	408	119	14
2	0.066767	3105	0	442	558	854	535	869	837	460	852	416	129	419	96	31
1	0.398584	3108	0	442	558	854	538	869	838	460	855	416	117
2	0.06724	3119	0	443	558	855	539	871	841	461	856	474	93	466	106	15
1	0.066004	3121	0	441	556	855	534	870	834	460	855	468	108
2	0.066407	3123	0	442	559	858	538	869	838	460	861	468	98	462	115	17
1	0.066593	3125	0	442	558	854	541	870	841	460	858	463	100
2	0.099827	3128	0	441	561	853	538	869	841	459	862	463	109	512	96	24
1	0.100376	3131	0	441	559	853	542	869	841	459	859	509	87
2	0.099866	3133	0	441	558	853	542	868	835	459	856	506	87	509	109	21
2	0.066171	3136	0	441	564	854	543	870	842	455	859	495	89	292	140	200
1	0.132768	3140	0	442	561	854	541	869	838	460	859	266	139
2	0.067163	3142	0	442	561	854	542	869	838	460	859	270	138	281	135	9
1	0.132687	3146	0	442	561	854	541	870	841	460	858	283	138
2	0.100244	3149	0	443	558	855	536	871	841	461	858	283	138	327	135	30
1	0.23279	3156	0	443	560	855	540	870	833	460	854	323	129
2	0.099913	3159	0	443	560	859	540	870	839	461	855	325	128	350	121	9
1	0.199337	3165	0	444	558	860	538	871	835	462	856	346	118
2	0.066569	3167	0	445	559	857	539	872	839	463	856	349	132	350	113	15
1	0.066455	3169	0	444	559	856	540	871	839	462	856	349	128
2	0.067074	3171	0	444	560	856	538	872	840	462	861	352	109	374	117	23
1	0.798174	3191	0	443	561	855	540	870	836	461	860	397	116
1	0.366977	3201	0	442	562	853	541	869	841	460	858	332	122
1	0.66518	3216	0	442	561	853	541	868	840	459	858	353	128
1	0.531838	3228	0	440	561	852	541	868	842	458	858	448	120
1	0.099663	3245	0	442	563	854	544	870	840	460	861	514	101
2	0.066692	3247	0	440	563	856	543	867	836	458	857	487	103	281	155	197
1	0.465961	3261	0	442	564	854	545	869	838	460	859	275	147
2	0.066776	3263	0	442	563	854	544	870	844	460	861	275	142	313	151	38
1	0.498809	3278	0	440	564	852	541	872	844	458	860	317	155
2	0.066527	3280	0	440	565	852	540	871	839	458	860	312	164	347	151	36
1	0.133503	3284	0	440	565	851	540	870	845	458	860	365	152
2	0.066485	3286	0	440	565	851	542	869	837	458	858	357	147	382	148	23
1	0.066247	3288	0	440	565	851	542	870	838	458	859	384	148
2	0.39946	3291	0	440	566	851	543	871	845	458	861	382	142	392	122	20
1	0.832242	3302	0	438	567	849	541	867	839	456	860	446	118
1	0.266188	3333	0	434	565	846	540	864	839	452	865	305	164
2	0.066324	3335	0	435	565	847	540	866	842	455	864	318	160	348	155	28
1	0.067323	3337	0	435	565	847	540	865	839	453	865	348	171
2	0.098852	3340	0	436	565	847	539	866	837	455	863	404	159	545	138	140
1	0.233217	3347	0	435	563	847	539	865	835	452	862	538	129
2	0.133049	3350	0	435	564	847	539	865	837	453	863	534	129	332	150	171
1	0.799191	3365	0	436	564	848	538	866	837	454	859	292	171
1	0.265512	3383	0	437	563	849	538	867	837	455	858	355	157
2	0.099801	3386	0	437	562	849	536	867	834	455	860	361	157	383	167	14
1	0.299277	3395	0	436	562	848	536	866	834	454	860	380	164
2	0.069187	3397	0	436	563	848	536	866	835	454	861	378	167	340	161	36
1	0.297225	3406	0	436	563	848	537	867	835	453	862	339	171
2	0.066319	3408	0	437	563	849	536	868	842	456	863	353	167	321	184	35
1	0.066603	3410	0	437	563	848	538	867	837	455	858	321	195
2	0.100244	3412	0	437	563	849	538	867	834	454	860	326	194	310	190	15
2	0.066159	3415	0	437	563	849	538	867	837	455	863	310	190	334	174	28
1	0.532402	3422	0	436	564	847	538	866	835	453	861	344	185
2	0.066605	3433	0	437	565	848	541	866	838	455	859	378	189	402	188	23
1	0.36626	3444	0	436	567	847	542	866	841	454	867	396	180
2	0.832335	3446	0	436	568	847	541	866	846	455	865	398	178	417	185	19
1	0.132584	3472	0	436	567	848	541	866	839	454	866	464	182
2	0.099557	3475	0	437	567	848	541	868	845	454	860	473	165	472	185	19
1	0.432958	3480	0	436	567	848	541	868	847	456	867	522	164
1	0.100589	3492	0	436	566	848	540	866	838	454	865	275	202
2	0.065593	3493	0	436	566	848	539	867	845	454	864	284	196	315	200	30
1	0.199659	3499	0	437	566	849	539	867	839	454	861	312	199
2	0.099725	3502	0	436	566	848	541	867	844	456	865	313	196	345	186	11
1	0.565824	3519	0	437	568	847	543	867	841	456	867	356	186
2	0.099971	3521	0	437	568	848	542	867	846	457	867	359	185	394	182	34
2	0.066394	3524	0	438	568	848	542	868	841	456	868	403	176	399	190	14
1	0.133282	3528	0	438	568	848	542	867	839	455	860	404	192
2	0.099623	3531	0	437	569	848	543	866	840	454	862	401	183	419	189	17
1	0.200516	3537	0	436	569	847	542	865	840	454	866	423	186
2	0.065905	3539	0	435	570	846	545	866	846	455	868	421	181	451	169	30
1	0.066408	3541	0	436	570	847	545	866	847	456	869	452	169
2	0.099599	3544	0	436	570	847	543	866	843	454	869	451	177	447	195	8
1	0.242736	3552	0	435	569	846	543	864	840	453	866	448	191
2	0.090088	3554	0	435	570	846	543	865	841	453	867	445	173	483	189	22
1	0.06663	3556	0	435	570	846	545	865	848	454	869	486	179
2	0.066641	3558	0	434	569	846	544	864	840	454	867	482	193	487	168	22
1	0.133328	3562	0	434	569	845	544	863	840	454	866	486	179
2	0.066332	3564	0	433	570	845	543	863	841	451	867	490	186	500	193	12
1	0.066715	3566	0	434	569	846	543	865	847	452	869	504	181
2	0.099547	3569	0	434	569	846	543	864	840	452	866	502	184	346	200	74
1	0.432793	3573	0	434	570	846	545	865	848	454	867	359	184
1	0.199569	3588	0	433	568	845	541	863	839	452	861	317	206
2	0.068005	3590	0	435	568	846	541	864	839	453	867	324	200	310	204	13
2	0.098367	3592	0	435	568	846	541	865	846	453	864	307	203	317	211	13
2	0.066928	3595	0	435	569	846	544	864	840	453	865	319	208	360	195	39
1	0.208121	3602	0	434	569	845	544	863	840	453	867	360	208
2	0.091409	3604	0	434	567	845	543	863	839	453	861	364	207	404	205	21
1	0.233015	3607	0	434	569	845	543	863	840	453	867	400	207
2	0.066044	3613	0	435	569	845	542	863	840	453	865	418	213	439	216	22
1	0.266211	3621	0	434	568	845	541	864	846	454	864	440	207
2	0.133156	3625	0	434	569	845	542	864	847	452	865	439	205	486	186	34
1	0.133081	3629	0	434	566	845	541	862	840	452	866	481	189
2	0.066471	3631	0	434	568	845	541	862	838	453	864	477	202	478	183	15
1	0.100105	3634	0	433	568	845	541	863	842	453	867	480	196
2	0.066564	3636	0	434	568	845	541	863	839	452	865	493	189	510	202	19
1	0.13363	3640	0	433	568	845	543	863	842	453	867	509	199
2	0.198881	3642	0	434	569	845	542	864	848	452	868	509	196	509	205	9
2	0.066966	3648	0	434	569	845	542	863	840	452	865	284	205	291	216	10
1	0.432532	3661	0	433	570	845	545	863	849	451	869	294	209
2	0.099949	3664	0	434	571	844	545	863	849	451	870	292	215	302	199	12
1	0.099901	3667	0	433	570	845	543	863	842	451	868	307	203
2	0.066169	3669	0	433	569	844	542	862	841	451	867	344	201	308	210	35
1	0.200666	3675	0	433	566	844	541	862	839	451	866	313	208
2	0.065466	3677	0	432	566	844	541	861	840	452	864	317	206	332	211	15
1	0.865202	3679	0	433	566	844	541	862	841	451	867	341	208
1	0.266268	3711	0	435	569	846	544	865	843	455	870	7	45
2	0.066503	3713	0	436	571	846	546	865	843	453	869	13	56	80	50	62
1	0.200271	3719	0	437	571	847	545	866	849	456	868	89	52
2	0.099662	3722	0	437	571	848	544	866	842	456	869	81	51	96	70	15
1	0.166252	3727	0	436	571	846	544	865	842	455	868	96	64
2	0.066618	3729	0	435	569	846	544	865	842	453	869	99	66	80	68	17
1	0.864852	3735	0	435	569	846	542	864	840	453	865	77	68
1	0.39923	3760	0	356	627	766	596	792	894	379	933	395	-47
2	0.166769	3769	0	351	639	762	603	787	900	374	939	568	-56	569	-76	17
1	0.132743	3776	0	348	626	759	586	789	888	375	931	575	-94
