1	0.169225	5										232	77	
2	0.129787	3										232	77	33	134	
1	0.166229	8										33	134	
2	0.099679	11										33	134	55	127	
1	0.100076	14										55	127	
2	0.09985	17										55	127	80	130	
1	0.167175	22										80	130	
2	0.067085	24										80	130	22	146	
1	0.165742	29										22	146	
2	0.101363	32										22	146	77	137	
1	0.097453	35										77	137	
2	0.066427	37										77	137	133	127	
1	0.13305	41										133	127	
2	0.099842	44										133	127	178	127	
1	0.267396	52										178	127	
2	0.098884	55										178	127	224	131	
1	0.199548	61										224	131	
2	0.100668	64										224	131	247	128	
1	0.432632	77										247	128	
2	0.13228	81										247	128	266	128	
1	0.232928	88										266	128	
2	0.132846	92										266	128	42	146	
1	0.632401	111										42	146	
2	0.066608	113										42	146	65	145	
1	0.133102	117										65	145	
2	0.099876	120										65	145	84	146	
1	0.232686	127										84	146	
2	0.100697	130										84	146	104	145	
1	0.098975	133										104	145	
2	0.066758	135										104	145	108	145	
1	0.167211	140										108	145	
2	0.133332	144										108	145	130	125	
1	0.098705	147										130	125	
2	0.066659	149										130	125	176	130	
1	0.233052	156										176	130	
2	0.067173	158										176	130	226	131	
1	0.09904	161										226	131	
2	0.066856	163										226	131	200	128	
1	0.100132	166										200	128	
2	0.132642	170										200	128	230	128	
1	0.266029	178										230	128	
2	0.100067	181										230	128	263	128	
1	0.066635	183										263	128	
2	0.238055	190										263	128	39	151	
1	0.129677	194										39	151	
2	0.064585	196										39	151	38	150	
1	0.133072	200										38	150	
2	0.066529	202										38	150	73	152	
1	0.233327	209										73	152	
2	0.099673	212										73	152	110	152	
1	0.132884	216										110	152	
2	0.100417	219										110	152	135	142	
1	0.16618	224										135	142	
2	0.066303	226										135	142	168	142	
1	0.200047	232										168	142	
2	0.099399	235										168	142	205	145	
1	0.133379	239										205	145	
2	0.099473	242										205	145	250	143	
1	0.099891	245										250	143	
2	0.066526	247										250	143	233	143	
1	0.066478	249										233	143	
2	0.134133	253										233	143	31	155	
1	0.232058	260										31	155	
2	0.066458	262										31	155	59	154	
1	0.167133	267										59	154	
2	0.065786	269										59	154	93	152	
1	0.133148	273										93	152	
2	0.066528	275										93	152	125	155	
1	0.166395	280										125	155	
2	0.100066	283										125	155	130	157	
1	0.332646	293										130	157	
2	0.099689	296										130	157	161	151	
1	0.266293	304										161	151	
2	0.066993	306										161	151	197	146	
1	0.16627	311										197	146	
2	0.06657	313										197	146	192	152	
1	0.066412	315										192	152	
2	0.066178	317										192	152	209	145	
1	0.099934	320										209	145	
2	0.067185	322										209	145	216	150	
1	0.199571	328										216	150	
2	0.066041	330										216	150	250	152	
1	0.066504	332										250	152	
2	0.066508	334										250	152	250	150	
1	0.099976	337										250	150	
2	0.300831	346										250	150	23	159	
1	0.206214	352										23	159	
2	0.058645	354										23	159	53	164	
1	0.266172	362										53	164	
2	0.067227	364										53	164	95	164	
1	0.099204	367										95	164	
2	0.099845	370										95	164	131	173	
1	0.232925	377										131	173	
2	0.100149	380										131	173	161	166	
1	0.099985	383										161	166	
2	0.166254	388										161	166	182	151	
1	0.232521	395										182	151	
2	0.067315	397										182	151	232	157	
1	0.232311	404										232	157	
2	0.100104	407										232	157	230	159	
1	0.165834	412										230	159	
2	0.066919	414										230	159	266	163	
1	0.066595	416										266	163	
2	0.100453	419										266	163	33	181	
1	0.265356	427										33	181	
2	0.067349	429										33	181	76	176	
1	0.165649	434										76	176	
2	0.099726	437										76	176	93	151	
1	0.100098	440										93	151	
2	0.066485	442										93	151	116	133	
1	0.099526	445										116	133	
2	0.099981	448										116	133	138	140	
1	0.133759	452										138	140	
2	0.099123	455										138	140	165	130	
1	0.199754	461										165	130	
2	0.066758	463										165	130	215	131	
1	0.166784	468										215	131	
2	0.132825	472										215	131	251	128	
1	0.099617	475										251	128	
2	0.366416	486										251	128	35	142	
1	0.066424	488										35	142	
2	0.099361	491										35	142	58	128	
1	0.138219	495										58	128	
2	0.09502	498										58	128	84	131	
1	0.099623	501										84	131	
2	0.099805	504										84	131	125	135	
1	0.266172	512										125	135	
2	0.07264	514										125	135	170	135	
1	0.127081	518										170	135	
2	0.100131	521										170	135	223	146	
1	0.199272	526										223	146	
2	0.067132	529										223	146	261	146	
1	0.265682	536										261	146	
2	0.067527	539										261	146	36	163	
1	0.199318	544										36	163	
2	0.066039	546										36	163	82	155	
1	0.199568	552										82	155	
2	0.166566	557										82	155	130	143	
1	0.166309	562										130	143	
2	0.066481	564										130	143	188	151	
1	0.233006	571										188	151	
2	0.099777	574										188	151	230	151	
1	0.266019	582										230	151	
2	0.333785	592										230	151	26	163	
1	0.099088	595										26	163	
2	0.133047	599										26	163	47	178	
1	0.099771	602										47	178	
2	0.066608	604										47	178	77	179	
1	0.101388	607										77	179	
2	0.098237	610										77	179	100	181	
1	0.365861	621										100	181	
2	0.066678	623										100	181	138	178	
1	0.099703	626										138	178	
2	0.067752	628										138	178	95	178	
1	0.465415	642										95	178	
2	0.066246	644										95	178	117	182	
1	0.166286	649										117	182	
2	0.066338	651										117	182	138	178	
1	0.133096	655										138	178	
2	0.066933	657										138	178	167	170	
1	0.232778	664										167	170	
2	0.066407	666										167	170	196	170	
1	0.199627	672										196	170	
2	0.099818	675										196	170	229	173	
1	0.16649	680										229	173	
2	0.066846	682										229	173	243	173	
1	0.265848	690										243	173	
2	0.0667	692										243	173	239	182	
1	0.066675	694										239	182	
2	0.299399	703										239	182	41	190	
1	0.265866	711										41	190	
2	0.068412	713										41	190	83	190	
1	0.197955	719										83	190	
2	0.067362	721										83	190	108	191	
1	0.099097	724										108	191	
2	0.332747	734										108	191	95	179	
1	0.13375	738										95	179	
2	0.099117	741										95	179	135	179	
1	0.133574	745										135	179	
2	0.065891	747										135	179	221	181	
1	0.106687	750										221	181	
2	0.126513	754										221	181	223	169	
1	0.274522	762										223	169	
2	0.124831	766										223	169	179	172	
1	0.365979	777										179	172	
2	0.099676	780										179	172	196	179	
1	0.199588	786										196	179	
2	0.100097	789										196	179	215	181	
1	0.233929	796										215	181	
2	0.497926	811										215	181	33	188	
1	0.09999	814										33	188	
2	0.066415	816										33	188	28	197	
1	0.06672	818										28	197	
2	0.066524	820										28	197	26	206	
1	0.366877	831										26	206	
2	0.065831	833										26	206	47	209	
1	0.731846	855										47	209	
2	0.067035	857										47	209	73	205	
1	0.299272	866										73	205	
2	0.099833	869										73	205	108	194	
1	0.100175	872										108	194	
2	0.066373	874										108	194	138	187	
1	0.165957	879										138	187	
2	0.06675	881										138	187	168	181	
1	0.141334	885										168	181	
2	0.058133	887										168	181	162	193	
1	0.133332	891										162	193	
2	0.166298	896										162	193	175	196	
1	0.099831	899										175	196	
2	0.066692	901										175	196	212	197	
1	0.299674	910										212	197	
2	0.066218	912										212	197	239	197	
1	0.166419	917										239	197	
2	0.067397	919										239	197	253	206	
1	0.165536	924										253	206	
2	0.399746	936										253	206	39	214	
1	0.232801	943										39	214	
2	0.133253	947										39	214	63	218	
1	0.099785	950										63	218	
2	0.066096	952										63	218	50	217	
1	0.099848	955										50	217	
2	0.067074	957										50	217	55	225	
1	0.165877	962										55	225	
2	0.066981	964										55	225	77	221	
1	0.09946	967										77	221	
2	0.07374	969										77	221	76	220	
1	0.092669	972										76	220	
2	0.066499	974										76	220	107	217	
1	0.199609	980										107	217	
2	0.133148	984										107	217	121	209	
1	0.134564	988										121	209	
2	0.065118	990										121	209	164	196	
1	0.099874	993										164	196	
2	0.067145	995										164	196	151	191	
1	0.065984	997										151	191	
2	0.132827	1001										151	191	170	200	
1	0.134111	1005										170	200	
2	0.066006	1007										170	200	191	200	
1	0.166098	1012										191	200	
2	0.066652	1014										191	200	242	193	
1	0.366088	1025										242	193	
2	0.465804	1039										242	193	35	227	
1	0.199815	1045										35	227	
2	0.099645	1048										35	227	76	230	
1	0.332779	1058										76	230	
2	0.09993	1061										76	230	106	225	
1	0.132992	1065										106	225	
2	0.069224	1067										106	225	149	226	
1	0.363435	1078										149	226	
2	0.066448	1080										149	226	188	238	
1	0.166575	1085										188	238	
2	0.099707	1088										188	238	188	238	
1	0.06649	1090										188	238	
2	0.199825	1096										188	238	224	229	
1	0.100396	1099										224	229	
2	0.06582	1101										224	229	260	225	
1	0.099819	1104										260	225	
2	0.366132	1114										260	225	38	233	
1	0.30012	1123										38	233	
2	0.06585	1125										38	233	70	230	
1	0.199647	1131										70	230	
2	0.100853	1134										70	230	97	230	
1	0.066315	1136										97	230	
2	0.066175	1138										97	230	134	223	
1	0.332606	1148										134	223	
2	0.06622	1150										134	223	194	227	
1	0.199803	1156										194	227	
2	0.066721	1158										194	227	202	229	
1	0.232765	1165										202	229	
2	0.066426	1167										202	229	245	236	
1	0.133211	1171										245	236	
2	0.333013	1181										245	236	36	250	
1	0.165988	1186										36	250	
2	0.072572	1189										36	250	56	250	
1	0.327258	1198										56	250	
2	0.066236	1200										56	250	44	245	
1	0.066694	1202										44	245	
2	0.066239	1204										44	245	52	254	
1	0.13338	1208										52	254	
2	0.066503	1210										52	254	86	254	
1	0.332965	1220										86	254	
2	0.06668	1222										86	254	124	257	
1	0.166453	1227										124	257	
2	0.066117	1229										124	257	151	258	
1	0.100051	1232										151	258	
2	0.066501	1234										151	258	176	258	
1	0.107292	1238										176	258	
2	0.39203	1249										176	258	192	251	
1	0.26639	1257										192	251	
2	0.099152	1260										192	251	208	253	
1	0.133249	1264										208	253	
2	0.10064	1267										208	253	226	251	
1	0.132299	1271										226	251	
2	0.099916	1274										226	251	220	262	
1	0.366028	1285										220	262	
2	0.299461	1294										220	262	243	257	
1	0.166826	1299										243	257	
2	0.399271	1311										243	257	53	272	
1	0.199138	1317										53	272	
2	0.066616	1319										53	272	36	269	
1	0.13358	1323										36	269	
2	0.132866	1327										36	269	60	266	
1	0.132944	1331										60	266	
2	0.066878	1333										60	266	50	262	
1	0.099303	1336										50	262	
2	0.100274	1339										50	262	97	266	
1	0.365733	1350										97	266	
2	0.067176	1352										97	266	113	266	
1	0.132447	1356										113	266	
2	0.066615	1358										113	266	135	265	
1	0.201521	1364										135	265	
2	0.065526	1366										135	265	165	266	
1	0.165523	1371										165	266	
2	0.301761	1380										165	266	178	275	
1	0.098032	1383										178	275	
2	0.099401	1386										178	275	182	268	
1	0.099606	1389										182	268	
2	0.133287	1393										182	268	41	281	
1	0.266231	1401										41	281	
2	0.066569	1403										41	281	39	272	
1	0.099962	1406										39	272	
2	0.099653	1409										39	272	60	272	
1	0.399458	1421										60	272	
2	0.066623	1423										60	272	205	271	
1	0.277405	1431										205	271	
2	0.088474	1434										205	271	236	274	
1	0.133243	1438										236	274	
2	0.066791	1440										236	274	202	272	
1	0.133084	1444										202	272	
2	0.133148	1448										202	272	243	278	
1	0.065956	1450										243	278	
2	0.299665	1459										243	278	38	280	
1	0.266824	1467										38	280	
2	0.066492	1469										38	280	60	269	
1	0.099573	1472										60	269	
2	0.066421	1474										60	269	53	283	
1	0.067361	1476										53	283	
2	0.065696	1478										53	283	86	266	
1	0.232975	1485										86	266	
2	0.066414	1487										86	266	42	274	
1	0.167337	1492										42	274	
2	0.099379	1495										42	274	71	271	
1	0.099216	1498										71	271	
2	0.06723	1500										71	271	98	281	
1	0.299049	1509										98	281	
2	0.099918	1512										98	281	134	275	
1	0.365704	1523										134	275	
2	0.399999	1535										134	275	175	263	
1	0.499354	1550										175	263	
2	0.065855	1552										175	263	209	258	
1	0.432565	1565										209	258	
2	0.102255	1568										209	258	208	269	
1	0.097354	1571										208	269	
2	0.066592	1573										208	269	210	263	
1	0.133147	1577										210	263	
2	0.066493	1579										210	263	213	262	
1	0.26622	1587										213	262	
2	0.099969	1590										213	262	210	262	
1	0.299173	1599										210	262	
2	0.066681	1601										210	262	232	263	
1	0.166497	1606										232	263	
2	0.070343	1608										232	263	240	262	
1	0.19591	1614										240	262	
2	0.399207	1626										240	262	41	274	
1	0.266291	1634										41	274	
2	0.066542	1636										41	274	58	277	
1	0.066604	1638										58	277	
2	0.099976	1641										58	277	101	272	
1	0.199446	1647										101	272	
2	0.066331	1649										101	272	124	269	
1	0.29969	1658										124	269	
2	0.066797	1660										124	269	168	269	
1	0.432391	1673										168	269	
2	0.932577	1701										168	269	44	277	
1	0.065536	1702										44	277	
2	0.100526	1706										44	277	46	281	
1	0.066164	1707										46	281	
2	0.099654	1710										46	281	63	295	
1	0.732466	1732										63	295	
2	0.099466	1735										63	295	97	289	
1	0.166413	1740										97	289	
2	0.067068	1742										97	289	122	290	
1	0.233212	1749										122	290	
2	0.065751	1751										122	290	170	289	
1	0.233343	1758										170	289	
2	0.066122	1760										170	289	168	289	
1	0.066561	1762										168	289	
2	0.199673	1768										168	289	200	292	
1	0.133169	1772										200	292	
2	0.099769	1775										200	292	230	289	
1	0.132983	1779										230	289	
2	0.066662	1781										230	289	247	290	
1	0.166254	1786										247	290	
2	0.299648	1795										247	290	36	301	
1	0.133705	1799										36	301	
2	0.066594	1801										36	301	56	298	
1	0.199725	1807										56	298	
2	0.066501	1809										56	298	89	298	
1	0.432059	1822										89	298	
2	0.099719	1825										89	298	114	300	
1	0.266133	1833										114	300	
2	0.069128	1835										114	300	135	298	
1	0.097992	1838										135	298	
2	0.065876	1840										135	298	158	298	
1	0.133251	1844										158	298	
2	0.070443	1846										158	298	191	298	
1	0.195697	1852										191	298	
2	0.066375	1854										191	298	206	293	
1	0.099983	1857										206	293	
2	0.166362	1862										206	293	226	293	
1	0.066424	1864										226	293	
2	0.333348	1874										226	293	39	302	
1	0.133115	1878										39	302	
2	0.09942	1881										39	302	86	298	
1	0.133055	1885										86	298	
2	0.332599	1895										86	298	202	298	
1	0.166565	1900										202	298	
2	0.066601	1902										202	298	234	295	
1	0.232739	1909										234	295	
2	0.43283	1922										234	295	39	311	
1	0.166345	1927										39	311	
2	0.066911	1929										39	311	73	308	
1	0.166016	1934										73	308	
2	0.066885	1936										73	308	119	307	
1	0.298984	1945										119	307	
2	0.066893	1947										119	307	146	309	
1	0.099611	1950										146	309	
2	0.066611	1952										146	309	189	307	
1	0.101623	1955										189	307	
2	0.131262	1959										189	307	213	307	
1	0.166371	1964										213	307	
2	0.100351	1967										213	307	243	307	
1	0.132711	1971										243	307	
2	0.300558	1980										243	307	60	316	
1	0.332426	1990										60	316	
2	0.071532	1992										60	316	245	305	
1	0.127931	1996										245	305	
2	0.365505	2007										245	305	35	320	
1	0.266798	2015										35	320	
2	0.099646	2018										35	320	63	304	
1	0.133044	2022										63	304	
2	0.066161	2024										63	304	89	298	
1	0.399268	2036										89	298	
2	0.067135	2038										89	298	135	298	
1	0.132555	2042										135	298	
2	0.134013	2046										135	298	148	302	
1	0.132463	2050										148	302	
2	0.06639	2052										148	302	199	308	
1	0.199885	2058										199	308	
2	0.09941	2061										199	308	243	309	
1	0.133468	2065										243	309	
2	0.299024	2074										243	309	80	325	
1	0.199793	2080										80	325	
2	0.665664	2100										80	325	314	98	
1	0.399301	2112										314	98	
2	0.09977	2115										314	98	347	98	
1	0.332935	2125										347	98	
2	0.066568	2127										347	98	386	106	
1	0.36587	2138										386	106	
2	0.06837	2140										386	106	414	113	
1	0.231306	2147										414	113	
2	0.099891	2150										414	113	459	112	
1	0.199347	2156										459	112	
2	0.1666	2161										459	112	491	113	
1	0.33265	2171										491	113	
2	0.068626	2173										491	113	526	119	
1	0.264099	2181										526	119	
2	0.09992	2184										526	119	299	119	
1	0.332571	2194										299	119	
2	0.133214	2198										299	119	333	118	
1	0.099845	2201										333	118	
2	0.066346	2203										333	118	363	118	
1	0.399537	2215										363	118	
2	0.06698	2217										363	118	398	118	
1	0.165908	2222										398	118	
2	0.100173	2225										398	118	427	122	
1	0.19921	2231										427	122	
2	0.067978	2233										427	122	403	122	
1	0.131808	2237										403	122	
2	0.067006	2239										403	122	462	125	
1	0.432161	2252										462	125	
2	0.066587	2254										462	125	494	134	
1	0.166354	2259										494	134	
2	0.099823	2262										494	134	515	137	
1	0.133144	2266										515	137	
2	0.133658	2270										515	137	285	140	
1	0.099648	2273										285	140	
2	0.099256	2276										285	140	304	135	
1	0.399491	2287										304	135	
2	0.066953	2290										304	135	317	131	
1	0.23255	2296										317	131	
2	0.066617	2298										317	131	349	135	
1	0.269155	2307										349	135	
2	0.064229	2308										349	135	398	133	
1	0.065857	2310										398	133	
2	0.066538	2312										398	133	386	130	
1	0.266653	2320										386	130	
2	0.066428	2322										386	130	356	130	
1	0.166119	2327										356	130	
2	0.066516	2329										356	130	419	139	
1	0.133429	2333										419	139	
2	0.066588	2335										419	139	431	137	
1	0.149956	2340										431	137	
2	0.05536	2342										431	137	479	133	
1	0.260223	2349										479	133	
2	0.066556	2351										479	133	508	135	
1	0.133995	2355										508	135	
2	0.099021	2358										508	135	542	116	
1	0.267593	2366										542	116	
2	0.065198	2368										542	116	284	118	
1	0.133499	2372										284	118	
2	0.09932	2375										284	118	308	118	
1	0.099739	2378										308	118	
2	0.06647	2380										308	118	338	125	
1	0.302257	2389										338	125	
2	0.099547	2392										338	125	350	125	
1	0.130844	2396										350	125	
2	0.099791	2399										350	125	401	125	
1	0.234249	2406										401	125	
2	0.098384	2409										401	125	422	127	
1	0.499928	2424										422	127	
2	0.099877	2427										422	127	455	124	
1	0.198917	2433										455	124	
2	0.067312	2435										455	124	489	128	
1	0.398538	2447										489	128	
2	0.066486	2449										489	128	516	137	
1	0.100115	2452										516	137	
2	0.199386	2458										516	137	304	140	
1	0.233294	2465										304	140	
2	0.132927	2469										304	140	344	135	
1	0.266502	2477										344	135	
2	0.066836	2479										344	135	380	137	
1	0.265477	2487										380	137	
2	0.071755	2489										380	137	400	137	
1	0.26188	2497										400	137	
2	0.065831	2499										400	137	428	139	
1	0.133043	2503										428	139	
2	0.166435	2508										428	139	449	139	
1	0.19963	2514										449	139	
2	0.100198	2517										449	139	476	140	
1	0.16632	2522										476	140	
2	0.066435	2524										476	140	496	142	
1	0.167081	2529										496	142	
2	0.065613	2531										496	142	520	150	
1	0.133291	2535										520	150	
2	0.099967	2538										520	150	301	152	
1	0.166648	2543										301	152	
2	0.099245	2546										301	152	320	157	
1	0.266313	2554										320	157	
2	0.066582	2556										320	157	352	151	
1	0.366052	2567										352	151	
2	0.099825	2570										352	151	382	155	
1	0.166292	2575										382	155	
2	0.066565	2577										382	155	392	150	
1	0.332792	2587										392	150	
2	0.066778	2589										392	150	387	148	
1	0.132735	2593										387	148	
2	0.06669	2595										387	148	400	145	
1	0.099996	2598										400	145	
2	0.066366	2600										400	145	427	143	
1	0.300192	2609										427	143	
2	0.065769	2611										427	143	468	145	
1	0.532506	2627										468	145	
2	0.066614	2629										468	145	478	140	
1	0.499299	2644										478	140	
2	0.066435	2646										478	140	467	142	
1	0.067176	2648										467	142	
2	0.065922	2650										467	142	508	154	
1	0.532388	2666										508	154	
2	0.09984	2669										508	154	301	154	
1	0.16635	2674										301	154	
2	0.06655	2676										301	154	329	150	
1	0.133745	2680										329	150	
2	0.066301	2682										329	150	349	150	
1	0.232547	2689										349	150	
2	0.100712	2692										349	150	377	157	
1	0.232435	2699										377	157	
2	0.066171	2701										377	157	389	157	
1	0.133181	2705										389	157	
2	0.067465	2707										389	157	408	157	
1	0.234582	2714										408	157	
2	0.064073	2716										408	157	438	161	
1	0.233464	2723										438	161	
2	0.065942	2725										438	161	494	166	
1	0.465914	2739										494	166	
2	0.100866	2742										494	166	513	163	
1	0.199091	2748										513	163	
2	0.066132	2750										513	163	527	164	
1	0.099707	2753										527	164	
2	0.099878	2756										527	164	307	175	
1	0.266235	2764										307	175	
2	0.068184	2766										307	175	333	172	
1	0.098212	2769										333	172	
2	0.066361	2771										333	172	365	166	
1	0.200456	2777										365	166	
2	0.065881	2779										365	166	406	167	
1	0.166561	2784										406	167	
2	0.100244	2787										406	167	455	167	
1	0.232464	2794										455	167	
2	0.066456	2796										455	167	481	166	
1	0.066687	2798										481	166	
2	0.066406	2800										481	166	479	167	
1	0.199844	2806										479	167	
2	0.13291	2810										479	167	302	179	
1	0.565655	2827										302	179	
2	0.099906	2830										302	179	333	188	
1	0.698995	2851										333	188	
2	0.066819	2853										333	188	341	185	
1	0.099349	2856										341	185	
2	0.066647	2858										341	185	366	185	
1	0.665643	2878										366	185	
2	0.066439	2879										366	185	398	185	
1	0.233088	2886										398	185	
2	0.100211	2889										398	185	408	187	
1	0.099226	2892										408	187	
2	0.066538	2894										408	187	424	182	
1	0.299514	2903										424	182	
2	0.166233	2908										424	182	485	194	
1	0.399518	2920										485	194	
2	0.066748	2922										485	194	475	193	
1	0.26608	2930										475	193	
2	0.066437	2932										475	193	499	191	
1	0.100072	2935										499	191	
2	0.931673	2963										499	191	472	164	
1	0.299509	2972										472	164	
2	0.066604	2974										472	164	500	178	
1	0.133311	2978										500	178	
2	0.100099	2981										500	178	523	173	
1	0.099397	2984										523	173	
2	0.432444	2997										523	173	309	193	
1	0.166538	3002										309	193	
2	0.066141	3004										309	193	304	185	
1	0.200132	3010										304	185	
2	0.166237	3015										304	185	298	194	
1	0.299558	3024										298	194	
2	0.099612	3027										298	194	329	196	
1	0.332667	3037										329	196	
2	0.075153	3039										329	196	356	193	
1	0.257788	3047										356	193	
2	0.066814	3049										356	193	380	196	
1	0.232601	3056										380	196	
2	0.072164	3058										380	196	416	194	
1	0.094202	3061										416	194	
2	0.066562	3063										416	194	441	199	
1	0.232997	3070										441	199	
2	0.066329	3072										441	199	452	196	
1	0.133423	3076										452	196	
2	0.09951	3079										452	196	459	194	
1	0.199916	3085										459	194	
2	0.099754	3088										459	194	503	196	
1	0.100174	3091										503	196	
2	0.166022	3096										503	196	518	196	
1	0.199894	3102										518	196	
2	0.099645	3105										518	196	502	209	
1	0.167383	3110										502	209	
2	0.098857	3113										502	209	527	206	
1	0.133019	3117										527	206	
2	0.100528	3120										527	206	301	212	
1	0.132655	3124										301	212	
2	0.06629	3126										301	212	320	209	
1	0.266887	3134										320	209	
2	0.065842	3136										320	209	353	206	
1	0.199553	3142										353	206	
2	0.10057	3145										353	206	390	205	
1	0.099874	3148										390	205	
2	0.099209	3151										390	205	416	206	
1	0.133128	3155										416	206	
2	0.066639	3157										416	206	457	208	
1	0.399296	3169										457	208	
2	0.066463	3171										457	208	457	214	
1	0.133043	3175										457	214	
2	0.133114	3179										457	214	323	196	
1	0.233006	3186										323	196	
2	0.066562	3188										323	196	350	196	
1	0.133142	3192										350	196	
2	0.099727	3195										350	196	383	199	
1	0.100203	3198										383	199	
2	0.066224	3200										383	199	401	197	
1	0.099837	3203										401	197	
2	0.099855	3206										401	197	440	196	
1	0.199706	3212										440	196	
2	0.066544	3214										440	196	427	190	
1	0.132994	3218										427	190	
2	0.100426	3221										427	190	468	193	
1	0.099822	3224										468	193	
2	0.065892	3226										468	193	488	188	
1	0.166962	3231										488	188	
2	0.066069	3233										488	188	503	188	
1	0.100104	3236										503	188	
2	0.399161	3248										503	188	308	199	
1	0.099616	3251										308	199	
2	0.066843	3253										308	199	299	200	
1	0.199807	3259										299	200	
2	0.070492	3261										299	200	329	203	
1	0.09619	3264										329	203	
2	0.099163	3267										329	203	355	202	
1	0.233142	3274										355	202	
2	0.066779	3276										355	202	397	202	
1	0.100156	3279										397	202	
2	0.066053	3281										397	202	403	197	
1	0.199678	3287										403	197	
2	0.066677	3289										403	197	441	199	
1	0.166228	3294										441	199	
2	0.070545	3296										441	199	465	200	
1	0.228968	3303										465	200	
2	0.066567	3305										465	200	503	203	
1	0.399079	3317										503	203	
2	0.332969	3327										503	203	318	214	
1	0.166338	3332										318	214	
2	0.066468	3334										318	214	368	214	
1	0.299738	3343										368	214	
2	0.132709	3347										368	214	416	214	
1	0.166542	3352										416	214	
2	0.066537	3354										416	214	454	214	
1	0.266217	3362										454	214	
2	0.066616	3364										454	214	508	215	
1	0.299481	3373										508	215	
2	0.09962	3376										508	215	302	226	
1	0.33325	3386										302	226	
2	0.066167	3388										302	226	338	226	
1	0.233879	3395										338	226	
2	0.099033	3398										338	226	366	221	
1	0.166277	3403										366	221	
2	0.067002	3405										366	221	347	218	
1	0.099345	3408										347	218	
2	0.066797	3410										347	218	393	214	
1	0.199349	3416										393	214	
2	0.066626	3418										393	214	333	217	
1	0.166886	3423										333	217	
2	0.099311	3426										333	217	363	218	
1	0.166791	3431										363	218	
2	0.099442	3434										363	218	389	220	
1	0.100028	3437										389	220	
2	0.066526	3439										389	220	427	221	
1	0.366494	3450										427	221	
2	0.066094	3452										427	221	454	221	
1	0.237059	3459										454	221	
2	0.095871	3462										454	221	427	218	
1	0.066271	3464										427	218	
2	0.069415	3466										427	218	459	229	
1	0.163567	3470										459	229	
2	0.066483	3472										459	229	482	225	
1	0.332758	3482										482	225	
2	0.06656	3484										482	225	497	225	
1	0.266729	3492										497	225	
2	0.099191	3495										497	225	508	215	
1	0.099989	3498										508	215	
2	0.29948	3507										508	215	308	226	
1	0.300073	3516										308	226	
2	0.099228	3519										308	226	339	220	
1	0.133122	3523										339	220	
2	0.2995	3532										339	220	352	218	
1	0.166416	3537										352	218	
2	0.102223	3540										352	218	376	218	
1	0.630182	3559										376	218	
2	0.099261	3562										376	218	393	210	
1	0.13382	3566										393	210	
2	0.132681	3570										393	210	416	212	
1	0.266102	3578										416	212	
2	0.066658	3580										416	212	461	210	
1	0.265991	3588										461	210	
2	0.099998	3591										461	210	451	215	
1	0.299784	3600										451	215	
2	0.066226	3602										451	215	464	215	
1	0.09999	3605										464	215	
2	0.133123	3609										464	215	452	212	
1	0.199495	3615										452	212	
2	0.06683	3617										452	212	478	215	
1	0.16683	3622										478	215	
2	0.132367	3626										478	215	502	217	
1	0.099859	3629										502	217	
2	0.465962	3643										502	217	304	225	
1	0.166355	3648										304	225	
2	0.06701	3650										304	225	322	230	
1	0.099537	3653										322	230	
2	0.068236	3655										322	230	341	229	
1	0.264319	3663										341	229	
2	0.066623	3665										341	229	387	227	
1	0.232846	3672										387	227	
2	0.132991	3676										387	227	419	232	
1	0.133253	3680										419	232	
2	0.101	3683										419	232	446	230	
1	0.16502	3688										446	230	
2	0.133253	3692										446	230	476	238	
1	0.266237	3700										476	238	
2	0.067115	3702										476	238	491	239	
1	0.265614	3710										491	239	
2	0.067001	3712										491	239	513	241	
1	0.165936	3717										513	241	
2	0.432807	3730										513	241	312	269	
1	0.133125	3734										312	269	
2	0.132803	3738										312	269	341	245	
1	0.233472	3745										341	245	
2	0.132766	3749										341	245	371	244	
1	0.166452	3754										371	244	
2	0.066408	3756										371	244	401	244	
1	0.300052	3765										401	244	
2	0.066248	3767										401	244	438	244	
1	0.167151	3772										438	244	
2	0.065528	3774										438	244	448	245	
1	0.066672	3776										448	245	
2	0.066402	3778										448	245	491	242	
1	0.199656	3784										491	242	
2	0.100398	3787										491	242	515	245	
1	0.100124	3790										515	245	
2	0.06719	3792										515	245	523	245	
1	0.064962	3794										523	245	
2	0.33291	3804										523	245	307	236	
1	0.099975	3807										307	236	
2	0.13295	3811										307	236	305	239	
1	0.100051	3814										305	239	
2	0.06619	3816										305	239	332	241	
1	0.066706	3818										332	241	
2	0.066549	3820										332	241	344	236	
1	0.100085	3823										344	236	
2	0.132902	3827										344	236	338	238	
1	0.200348	3833										338	238	
2	0.065811	3835										338	238	363	241	
1	0.09969	3838										363	241	
2	0.066671	3840										363	241	371	236	
1	0.332773	3850										371	236	
2	0.099903	3853										371	236	365	234	
1	0.166324	3858										365	234	
2	0.067122	3860										365	234	404	233	
1	0.26566	3868										404	233	
2	0.067146	3870										404	233	431	241	
1	0.265545	3878										431	241	
2	0.099991	3881										431	241	489	245	
1	0.367545	3892										489	245	
2	0.397515	3904										489	245	309	254	
1	0.200029	3910										309	254	
2	0.099516	3913										309	254	346	256	
1	0.366207	3924										346	256	
2	0.067079	3926										346	256	328	269	
1	0.465465	3940										328	269	
2	0.102694	3943										328	269	308	280	
1	0.163834	3948										308	280	
2	0.365566	3959										308	280	325	190	
1	0.299855	3968										325	190	
2	0.36575	3979										325	190	59	209	
1	0.332841	3989										59	209	
2	0.066468	3991										59	209	93	206	
1	0.332864	4001										93	206	
2	0.099714	4004										93	206	50	202	
1	0.099866	4007										50	202	
2	0.066734	4009										50	202	89	197	
1	0.266235	4017										89	197	
2	0.299198	4026										89	197	121	197	
1	0.333477	4036										121	197	
2	0.065899	4038										121	197	100	214	
1	0.200015	4044										100	214	
2	0.332401	4053										100	214	165	304	
1	0.133539	4058										165	304	
2	0.09993	4060										165	304	315	289	
1	0.199359	4066										315	289	
2	0.26613	4074										315	289	430	238	
1	0.099731	4077										430	238	
2	0.13294	4081										430	238	326	202	
1	0.432792	4094										326	202	
2	1.79751	4148										326	202	497	134	
1	0.073058	4151										497	134	
2	0.293341	4159										497	134	537	157	
1	0.032516	4160										537	157	
