1	0.33103	9	0	313	413	1005	396	1050	909	309	934	221	85
2	0.066395	11	0	313	413	1005	396	1050	909	309	934	225	85	238	89	20
1	0.433387	15	0	313	413	1005	396	1050	909	309	934	246	86
1	0.198968	30	0	313	410	1006	395	1052	908	303	935	32	111
2	0.06661	32	0	315	410	1007	396	1053	908	311	935	30	107	55	106	41
1	0.299423	41	0	315	410	1008	396	1053	909	311	935	54	102
2	0.066987	43	0	314	412	1007	395	1053	907	302	935	41	103	19	108	36
1	0.133147	47	0	315	412	1008	396	1054	908	311	935	17	104
2	0.066077	49	0	315	412	1007	396	1054	908	311	935	57	111	96	113	65
1	0.299456	58	0	313	411	1006	396	1052	908	309	934	96	105
2	0.135258	62	0	313	413	1006	396	1051	909	309	935	95	101	130	98	65
1	0.130995	66	0	313	410	1006	396	1052	908	302	935	132	101
2	0.067413	68	0	313	409	1006	394	1045	907	310	934	134	99	218	107	136
1	0.265998	76	0	314	419	1006	395	1051	907	310	933	218	97
2	0.065867	78	0	314	408	1005	394	1051	905	302	933	219	100	252	106	55
1	0.199733	84	0	321	407	1007	393	1052	903	312	931	248	103
2	0.066532	86	0	322	407	1007	393	1053	904	313	931	201	106	-17	135	361
1	0.09985	89	0	323	408	1009	394	1055	903	309	932	36	123
2	0.13427	93	0	324	410	1008	393	1047	903	308	932	36	116	20	113	24
1	0.203551	99	0	322	413	1006	398	1044	907	307	936	21	111
2	0.094909	102	0	324	414	1007	398	1045	907	307	936	21	110	51	114	25
1	0.232985	109	0	328	418	1011	402	1051	924	312	931	52	115
2	0.067395	111	0	326	418	1011	401	1051	924	310	930	59	114	91	116	51
1	0.099324	114	0	326	418	1011	401	1050	923	310	940	88	111
2	0.132864	118	0	324	413	1011	398	1050	923	308	939	88	114	127	111	64
1	0.232625	125	0	323	412	1012	398	1050	909	309	938	126	110
2	0.06648	127	0	324	414	1011	397	1049	909	315	937	127	107	166	116	63
1	0.332863	137	0	323	414	1013	398	1051	909	309	938	168	111
2	0.066971	139	0	323	412	1012	396	1052	921	316	937	172	110	194	112	36
1	0.332314	149	0	326	411	1013	394	1052	906	309	936	196	112
2	0.06648	151	0	324	411	1011	393	1050	906	307	934	199	110	179	115	34
1	0.166406	156	0	323	409	1009	394	1048	905	308	933	175	111
2	0.066603	158	0	323	407	1010	393	1056	905	314	933	173	109	187	112	23
1	0.332855	168	0	322	408	1007	391	1046	902	313	930	195	108
2	0.066463	170	0	321	409	1007	392	1046	903	305	932	198	106	224	110	41
1	0.266207	178	0	323	409	1008	393	1047	905	306	933	222	107
2	0.432412	181	0	324	409	1010	393	1049	904	307	934	232	109	249	112	25
1	0.166903	196	0	328	410	1015	391	1054	905	314	924	18	128
2	0.067046	198	0	328	408	1015	391	1054	905	319	924	18	126	35	126	27
1	0.198909	204	0	327	410	1013	393	1054	918	318	934	35	122
2	0.066535	206	0	323	410	1013	393	1052	905	309	934	55	121	76	124	34
1	0.266513	214	0	323	408	1015	390	1055	916	318	934	76	122
2	0.066084	216	0	323	408	1015	391	1054	904	318	934	76	122	115	127	65
1	0.29967	225	0	323	408	1016	390	1055	904	313	934	117	123
2	0.066376	227	0	323	407	1015	391	1055	903	311	932	121	125	150	129	49
1	0.233169	234	0	323	408	1015	390	1055	904	312	934	150	124
2	0.066488	236	0	323	406	1016	390	1056	903	313	932	150	123	188	129	63
1	0.299629	245	0	328	407	1016	389	1055	902	319	921	188	126
2	0.066246	247	0	323	406	1015	389	1055	914	318	931	191	122	217	127	43
1	0.300088	256	0	323	404	1014	387	1052	899	312	928	223	126
2	0.099557	259	0	323	404	1014	386	1052	898	310	927	223	121	237	129	22
1	0.099638	262	0	327	403	1014	384	1053	897	318	927	235	125
2	0.100031	265	0	322	403	1015	386	1053	897	319	916	216	128	31	140	291
1	0.238578	272	0	323	402	1015	385	1054	898	314	917	30	137
2	0.094112	275	0	323	403	1015	386	1056	911	313	918	31	134	58	154	28
1	0.166283	280	0	323	404	1016	388	1056	912	314	919	57	152
2	0.100077	283	0	323	403	1017	386	1056	899	313	929	54	149	93	153	64
1	0.200326	289	0	323	402	1015	388	1055	912	318	929	94	151
2	0.065619	291	0	323	402	1015	388	1053	899	317	928	92	150	131	158	67
1	0.199814	297	0	323	405	1015	387	1054	901	317	930	135	153
2	0.099799	300	0	323	405	1014	387	1054	900	317	929	139	152	171	154	56
1	0.232804	307	0	326	403	1015	387	1054	900	317	929	170	154
2	0.06658	309	0	323	401	1015	386	1061	899	317	928	173	155	205	157	52
1	0.266246	317	0	323	402	1017	385	1056	898	319	927	206	153
2	0.067058	319	0	323	400	1017	383	1056	898	311	927	208	152	238	158	49
1	0.165926	324	0	323	400	1018	383	1058	910	314	916	245	156
2	0.066335	326	0	323	401	1018	385	1058	910	320	928	241	149	253	151	20
1	0.100016	329	0	323	402	1018	384	1056	898	315	917	255	154
2	0.100384	332	0	323	400	1017	383	1056	897	311	927	150	168	24	177	244
1	0.29895	341	0	323	401	1017	384	1056	897	320	928	21	171
2	0.066574	343	0	323	400	1017	383	1056	897	320	916	21	172	48	171	43
1	0.266203	351	0	323	400	1014	383	1053	896	318	926	52	165
2	0.067226	353	0	323	400	1014	384	1054	908	315	914	58	166	126	173	108
1	0.332207	363	0	326	402	1014	385	1052	897	311	926	121	164
2	0.099642	366	0	326	400	1013	384	1053	909	317	925	123	164	136	162	23
1	0.133587	370	0	323	401	1015	385	1053	898	310	927	137	161
2	0.066163	372	0	323	401	1015	384	1053	897	314	926	138	161	169	168	53
1	0.232787	379	0	326	400	1015	385	1053	898	317	926	166	164
2	0.099774	382	0	323	398	1014	382	1053	896	309	925	175	166	212	168	66
1	0.166892	387	0	323	399	1016	383	1054	897	309	926	213	166
2	0.099592	390	0	323	397	1016	381	1056	908	314	924	215	164	234	164	15
1	0.132932	394	0	323	398	1016	382	1056	896	315	914	234	166
2	0.099867	396	0	323	399	1017	382	1056	896	319	926	231	163	241	166	18
2	0.099795	400	0	324	398	1018	382	1059	908	314	915	245	166	81	194	271
1	0.266437	408	0	323	398	1018	380	1058	894	320	913	30	191
2	0.066553	410	0	323	398	1018	382	1058	908	314	914	32	187	70	190	61
1	0.199482	416	0	323	396	1018	379	1058	894	313	923	69	186
2	0.079007	418	0	323	396	1018	379	1058	906	313	913	76	183	103	186	36
1	0.189794	424	0	323	396	1016	380	1056	894	318	923	97	180
2	0.197597	430	0	323	396	1015	380	1054	893	317	923	96	180	145	179	85
1	0.165859	435	0	324	396	1013	380	1053	893	315	922	145	178
2	0.067282	437	0	323	395	1012	380	1051	893	308	921	162	180	197	183	57
1	0.265677	445	0	325	394	1013	381	1052	891	316	920	194	180
2	0.066503	447	0	323	394	1013	381	1054	902	316	920	199	176	217	179	30
1	0.171768	452	0	326	396	1013	381	1052	891	317	921	213	177
2	0.094314	455	0	323	396	1014	380	1053	892	318	922	215	176	235	182	18
1	0.19951	461	0	325	399	1018	384	1058	906	316	913	241	180
2	0.06677	463	0	325	399	1018	380	1058	905	315	924	242	180	261	182	31
1	0.06648	465	0	325	396	1019	379	1059	892	318	911	262	186
2	0.134127	469	0	325	397	1019	380	1060	904	316	912	254	183	29	210	295
1	0.232513	476	0	325	395	1019	378	1060	905	321	923	26	202
2	0.066789	478	0	325	397	1019	380	1060	905	322	923	30	200	75	201	74
1	0.232063	485	0	325	395	1019	380	1060	904	316	911	77	203
2	0.099907	488	0	323	397	1018	380	1058	893	320	912	110	200	147	199	61
1	0.200636	494	0	323	395	1018	379	1058	892	313	911	148	200
2	0.098844	497	0	325	395	1019	378	1059	892	319	912	147	200	234	211	72
1	0.30022	506	0	326	395	1021	379	1062	904	316	911	231	202
2	0.065873	508	0	326	396	1021	377	1062	903	323	911	219	202	68	233	251
1	0.133047	512	0	327	396	1023	384	1063	903	318	911	62	227
2	0.066558	514	0	327	396	1023	384	1064	902	325	911	49	222	31	220	28
1	0.332855	524	0	326	394	1020	377	1061	890	323	910	31	216
2	0.133873	528	0	325	397	1020	377	1060	891	317	910	34	214	81	217	73
1	0.232038	535	0	325	393	1018	377	1058	889	316	908	80	217
2	0.100228	538	0	324	394	1016	377	1056	890	315	920	80	211	101	213	34
1	0.265834	546	0	324	395	1015	378	1056	903	317	909	105	213
2	0.066716	548	0	323	398	1015	379	1055	891	316	921	102	208	129	212	45
1	0.266223	556	0	325	396	1017	380	1057	904	314	922	137	209
2	0.09966	558	0	325	396	1017	382	1056	892	321	922	132	206	106	210	43
1	0.199654	564	0	324	395	1018	381	1057	892	314	922	108	211
2	0.100515	568	0	325	395	1019	379	1059	904	321	922	107	207	55	225	64
1	0.165734	572	0	324	395	1018	379	1057	893	315	923	57	224
2	0.067299	574	0	325	396	1017	380	1057	893	321	923	52	223	38	229	26
1	0.099069	577	0	323	396	1017	380	1056	893	320	922	39	228
2	0.067048	579	0	324	397	1017	381	1057	894	315	913	42	232	50	212	35
1	0.365594	590	0	324	396	1017	380	1058	906	314	923	48	205
2	0.100311	593	0	324	396	1017	380	1058	905	320	922	47	204	31	209	24
1	0.232621	600	0	323	395	1017	379	1058	904	320	911	32	213
2	0.066737	602	0	323	397	1017	379	1057	892	320	911	30	212	33	232	31
1	0.498761	617	0	325	395	1019	377	1059	889	321	908	34	230
2	0.133014	621	0	324	392	1018	376	1059	900	321	919	36	223	62	227	44
1	0.101036	624	0	323	393	1017	377	1057	889	315	908	66	232
2	0.098694	627	0	323	392	1016	374	1057	900	318	917	64	224	88	229	20
1	0.099918	630	0	323	391	1015	377	1056	900	311	918	90	231
2	0.066477	632	0	326	391	1014	377	1056	900	317	917	88	228	123	232	57
1	0.23411	639	0	323	393	1013	378	1054	900	317	906	124	231
2	0.065357	641	0	323	393	1013	377	1054	901	310	918	125	229	157	233	55
1	0.199868	647	0	323	392	1015	376	1054	889	311	918	155	230
2	0.133803	651	0	323	392	1016	377	1055	890	319	919	154	228	187	228	53
1	0.165344	656	0	323	394	1017	379	1056	891	313	921	188	226
2	0.066699	658	0	323	393	1018	379	1058	903	320	920	189	223	213	227	39
1	0.300268	667	0	325	393	1020	378	1061	902	316	909	217	231
2	0.066291	669	0	325	393	1020	377	1061	902	316	920	216	227	238	228	37
1	0.166044	674	0	327	393	1021	376	1061	890	318	909	237	232
2	0.066748	676	0	326	393	1021	376	1061	889	316	909	239	230	244	231	9
1	0.099802	679	0	327	393	1021	376	1062	902	317	909	252	227
2	0.09949	682	0	327	394	1022	377	1063	900	324	909	202	230	23	253	291
1	0.299919	691	0	327	394	1023	376	1064	900	325	909	23	246
2	0.066364	693	0	327	392	1023	374	1064	900	319	908	37	246	61	245	38
1	0.232822	700	0	326	392	1022	374	1062	888	316	907	61	242
2	0.066315	702	0	326	391	1021	375	1062	900	323	918	57	234	112	242	91
1	0.299654	711	0	325	391	1019	373	1058	887	318	906	114	244
2	0.066388	713	0	323	393	1018	375	1059	900	314	918	116	238	153	242	59
1	0.168483	718	0	322	389	1016	373	1055	886	319	916	148	242
2	0.13117	722	0	323	390	1016	374	1055	886	312	916	151	242	169	243	12
1	0.099829	725	0	323	389	1017	372	1056	898	320	904	173	243
2	0.067082	727	0	323	393	1016	373	1056	897	320	905	174	240	192	244	30
1	0.26567	735	0	327	392	1020	375	1060	899	319	907	209	244
2	0.066997	737	0	327	394	1021	375	1061	899	324	908	210	241	232	242	35
1	0.199988	743	0	329	392	1022	374	1064	900	323	908	233	242
2	0.066396	745	0	329	394	1023	382	1064	901	319	909	233	240	248	244	27
1	0.099153	748	0	329	394	1023	376	1064	900	320	908	250	243
2	0.099761	751	0	331	393	1024	376	1065	900	320	909	248	244	27	278	184
1	0.499304	766	0	331	392	1027	382	1067	898	322	907	24	263
2	0.067064	768	0	331	393	1026	374	1067	898	322	908	37	259	58	263	34
1	0.432016	781	0	329	390	1025	373	1066	897	320	905	59	258
2	0.099929	784	0	329	391	1025	371	1066	897	322	906	59	256	74	256	24
1	0.232736	791	0	329	390	1025	371	1066	896	320	905	75	254
2	0.068277	793	0	329	389	1025	370	1066	896	320	905	75	255	65	257	16
1	0.397944	805	0	329	387	1024	368	1065	892	320	902	66	256
2	0.0678	807	0	329	387	1024	369	1065	892	321	901	66	254	79	255	21
1	0.231626	814	0	336	386	1024	369	1065	889	320	900	77	254
2	0.066413	816	0	329	387	1023	369	1065	892	320	901	82	252	107	256	40
1	0.232996	823	0	331	390	1023	373	1064	895	321	904	105	251
2	0.100526	826	0	330	391	1024	372	1065	896	321	905	112	252	125	254	10
1	0.099522	829	0	330	391	1025	371	1065	895	321	905	125	251
2	0.399104	831	0	329	391	1024	372	1066	895	320	904	133	256	132	242	23
1	0.101654	844	0	330	390	1025	372	1066	895	321	905	111	244
2	0.097623	847	0	330	391	1025	370	1067	895	321	904	110	246	76	256	30
1	0.333112	857	0	331	386	1027	368	1068	893	321	902	75	255
2	0.06635	859	0	331	387	1027	369	1068	894	326	903	77	251	110	256	54
1	0.133786	863	0	331	388	1027	369	1069	893	321	903	111	255
2	0.065924	865	0	331	387	1027	369	1068	893	322	902	112	254	124	253	22
1	0.33278	875	0	331	387	1027	372	1068	892	321	902	126	252
2	0.100213	878	0	331	388	1027	369	1068	893	322	903	128	251	105	256	37
1	0.132656	882	0	331	386	1028	369	1069	892	323	902	102	255
2	0.06842	884	0	331	386	1028	368	1069	892	322	902	109	253	159	244	83
1	0.230998	891	0	333	385	1029	370	1071	890	325	901	157	241
2	0.067728	893	0	332	373	1029	370	1070	889	323	900	171	247	188	247	30
1	0.132075	897	0	338	385	1028	370	1070	890	323	900	191	244
2	0.152555	901	0	333	384	1028	369	1070	888	324	899	194	244	226	247	55
1	0.47944	907	0	333	384	1028	369	1069	889	324	899	241	246
1	0.166594	921	0	335	387	1029	368	1071	892	326	902	30	262
2	0.10053	924	0	335	388	1030	370	1072	892	326	903	49	255	73	246	43
1	0.099161	927	0	335	386	1031	368	1072	891	326	902	71	242
2	0.067316	929	0	335	387	1031	368	1073	891	326	902	71	240	138	239	108
1	0.20573	935	0	334	385	1031	369	1073	890	326	901	164	234
2	0.093049	938	0	335	385	1031	370	1073	891	326	902	163	231	194	234	28
1	0.19958	944	0	335	385	1031	369	1073	890	325	900	197	233
2	0.068759	946	0	333	385	1031	368	1073	890	326	901	197	229	216	230	29
1	0.430365	949	0	335	385	1031	370	1072	890	325	901	217	231
1	0.266234	967	0	333	378	1028	357	1070	881	324	891	101	230
2	0.067255	969	0	333	377	1026	357	1068	881	324	891	111	233	125	233	23
1	0.233392	976	0	334	380	1027	368	1068	881	327	893	121	231
2	0.065884	978	0	335	383	1027	368	1068	883	327	895	129	229	163	236	59
1	0.233061	985	0	335	379	1029	358	1071	881	328	892	165	233
2	0.065941	987	0	337	378	1029	358	1072	881	328	892	163	232	183	234	31
1	0.233391	994	0	337	381	1032	369	1073	884	329	895	179	231
2	0.066993	996	0	337	381	1032	369	1073	883	330	896	190	232	234	238	76
1	0.331789	1006	0	339	389	1032	375	1074	893	330	905	234	230
2	0.06668	1008	0	342	392	1037	373	1077	896	334	908	231	230	215	234	29
1	0.067064	1010	0	345	394	1041	382	1082	899	337	911	213	234
2	0.066372	1012	0	347	400	1041	382	1082	905	339	916	214	230	236	234	37
1	0.19934	1018	0	347	391	1043	371	1084	894	340	905	241	241
2	0.399274	1020	0	347	389	1042	372	1084	893	339	905	240	233	248	235	13
1	0.099854	1033	0	361	382	1051	370	1093	884	348	899	29	248
2	0.066396	1035	0	355	373	1058	370	1095	893	350	898	32	248	25	249	11
1	0.166399	1040	0	361	380	1058	368	1094	881	349	896	22	247
2	0.066673	1042	0	361	379	1058	367	1094	881	348	896	21	246	56	250	57
1	0.266241	1050	0	361	379	1058	367	1095	881	349	896	65	245
2	0.133127	1054	0	355	378	1059	366	1095	879	349	895	65	242	112	244	43
1	0.266191	1062	0	353	376	1056	364	1093	878	346	893	114	244
2	0.066786	1064	0	353	375	1057	363	1093	876	345	891	100	247	72	250	47
1	0.19948	1070	0	351	374	1054	362	1090	876	344	890	71	247
2	0.0998	1073	0	358	374	1054	362	1090	875	345	889	62	248	55	248	11
1	0.199654	1079	0	357	371	1053	359	1088	873	343	887	56	248
2	0.066589	1081	0	351	373	1053	361	1089	874	343	888	82	246	110	246	47
1	0.199739	1087	0	351	372	1054	357	1090	874	344	888	110	244
2	0.100704	1090	0	358	373	1054	361	1091	885	343	889	110	241	120	245	16
1	0.099677	1093	0	357	373	1053	361	1090	876	345	890	117	244
2	0.099018	1096	0	357	374	1053	362	1089	877	343	891	117	243	168	247	77
1	0.299855	1105	0	351	374	1055	362	1091	877	344	891	170	244
2	0.099444	1108	0	351	363	1054	362	1091	876	344	890	181	253	200	250	34
1	0.199753	1114	0	357	363	1053	362	1090	877	342	891	200	251
2	0.099878	1117	0	357	374	1055	362	1090	876	343	891	201	244	80	266	134
1	0.166425	1122	0	359	363	1055	362	1093	876	346	891	77	269
2	0.099473	1125	0	353	373	1057	361	1094	875	345	889	81	262	132	265	42
1	0.200162	1131	0	359	363	1056	361	1093	876	345	890	127	267
2	0.099799	1134	0	353	361	1057	359	1094	874	345	889	127	263	160	268	50
1	0.23279	1141	0	351	361	1056	360	1093	875	344	889	160	265
2	0.066291	1142	0	351	361	1056	357	1093	874	345	889	158	268	181	271	39
1	0.10014	1146	0	359	372	1057	360	1093	875	344	889	181	264
2	0.134104	1150	0	359	361	1057	359	1094	874	345	888	178	266	222	268	29
1	0.132593	1154	0	360	371	1058	359	1094	874	345	888	225	265
2	0.132403	1156	0	353	370	1058	355	1093	873	347	888	227	263	243	262	14
2	0.067449	1160	0	355	359	1060	356	1097	881	347	886	210	268	35	304	305
1	0.231895	1166	0	355	359	1060	356	1097	870	349	874	22	295
2	0.066614	1168	0	355	361	1059	356	1097	870	349	885	21	283	56	286	57
1	0.266422	1176	0	355	368	1060	356	1096	869	350	873	82	284
2	0.072267	1179	0	355	359	1059	357	1088	870	350	885	82	278	110	277	49
1	0.260538	1186	0	353	359	1057	357	1092	871	346	886	110	275
2	0.100102	1189	0	353	370	1057	358	1092	873	345	887	112	270	134	274	37
1	0.166284	1194	0	351	370	1055	358	1091	873	346	887	134	273
2	0.066239	1196	0	351	371	1056	359	1090	873	344	887	147	274	161	276	22
1	0.199647	1202	0	351	359	1054	358	1090	873	343	887	158	278
2	0.066483	1204	0	351	370	1056	355	1092	874	344	887	162	275	182	280	32
1	0.233258	1211	0	361	369	1059	357	1095	872	346	887	176	281
2	0.066137	1213	0	355	361	1060	358	1096	872	350	887	185	281	204	282	31
1	0.233376	1220	0	353	370	1058	355	1094	873	348	888	207	275
2	0.066262	1222	0	353	371	1057	359	1092	873	346	887	208	275	227	279	32
1	0.199784	1228	0	353	370	1057	358	1094	873	348	888	226	277
2	0.099794	1231	0	353	371	1056	359	1092	873	346	887	170	285	28	299	120
1	0.101829	1234	0	355	359	1059	355	1095	871	347	886	27	298
2	0.131083	1238	0	355	368	1059	356	1095	881	347	885	26	291	10	295	30
1	0.232947	1245	0	362	359	1058	357	1095	881	348	886	8	295
2	0.099748	1248	0	355	370	1058	358	1094	870	349	886	14	292	49	290	61
1	0.199887	1254	0	355	359	1057	356	1094	869	349	884	49	293
2	0.06638	1256	0	362	359	1057	356	1094	868	349	872	49	300	65	302	25
1	0.199494	1262	0	362	358	1057	356	1094	868	349	883	62	296
2	0.067339	1264	0	362	359	1057	357	1095	879	349	884	69	295	98	295	47
1	0.232535	1271	0	355	361	1058	358	1095	881	349	887	98	290
2	0.13299	1275	0	362	370	1058	358	1095	881	348	886	101	287	133	291	52
1	0.1666	1280	0	353	371	1057	359	1093	872	347	887	132	289
2	0.099858	1283	0	361	370	1057	355	1092	872	346	886	133	290	184	302	87
1	0.232457	1290	0	355	361	1058	358	1095	882	348	875	187	298
2	0.066682	1292	0	355	361	1058	358	1095	872	348	887	182	293	213	297	52
1	0.199666	1298	0	355	360	1058	358	1094	872	347	887	216	295
2	0.432606	1301	0	355	369	1059	357	1095	871	348	886	218	291	231	294	11
1	0.133184	1315	0	368	359	1065	354	1095	878	355	885	21	311
2	0.099768	1318	0	367	359	1064	354	1094	879	354	874	22	315	81	316	99
1	0.134554	1322	0	359	359	1063	356	1100	868	353	873	81	314
2	0.06527	1324	0	365	357	1063	355	1092	868	353	885	79	306	126	313	84
1	0.332592	1334	0	355	357	1059	355	1096	868	349	872	134	316
2	0.066674	1336	0	362	367	1059	355	1095	868	349	884	167	316	207	321	68
1	0.232862	1343	0	361	366	1056	354	1094	867	347	883	208	315
2	0.066518	1345	0	361	363	1057	355	1093	868	348	883	211	314	224	316	23
1	0.199647	1351	0	355	355	1056	353	1093	866	348	881	223	316
2	0.099872	1354	0	363	367	1059	355	1096	878	349	884	138	321	26	332	230
1	0.166336	1359	0	359	364	1062	354	1100	866	353	870	24	338
2	0.066378	1361	0	359	366	1062	354	1099	866	354	883	22	326	8	326	25
1	0.199829	1367	0	359	361	1061	356	1099	868	353	873	8	332
2	0.06773	1369	0	359	368	1063	356	1099	868	352	885	10	321	45	326	58
1	0.298783	1378	0	359	357	1061	354	1091	867	352	884	43	323
2	0.099448	1381	0	365	366	1061	354	1098	867	351	883	42	322	90	322	83
1	0.232846	1388	0	357	357	1060	347	1097	867	350	882	93	323
2	0.066551	1390	0	357	367	1059	355	1096	867	350	883	106	323	144	326	63
1	0.199888	1396	0	357	357	1060	356	1096	868	350	884	142	325
2	0.132965	1400	0	357	367	1061	355	1097	878	350	883	148	321	182	323	29
1	0.232831	1407	0	359	367	1061	355	1097	867	351	883	178	324
2	0.06661	1409	0	365	357	1061	355	1096	867	351	883	190	327	204	329	25
1	0.233388	1416	0	357	357	1061	355	1096	867	350	882	205	326
2	0.465574	1419	0	357	357	1060	356	1095	868	350	884	204	323	231	331	26
1	0.132942	1434	0	363	355	1064	351	1104	873	358	868	17	349
2	0.066536	1436	0	370	355	1064	352	1095	873	357	881	17	341	30	341	24
1	0.299271	1445	0	371	357	1063	353	1095	873	358	881	33	337
2	0.133261	1449	0	371	357	1064	353	1103	875	359	869	54	347	77	345	40
1	0.133741	1453	0	371	357	1065	353	1095	875	358	883	76	336
2	0.099629	1456	0	370	357	1064	352	1102	876	357	870	78	343	124	347	59
1	0.132705	1460	0	368	357	1063	352	1092	865	354	882	122	341
2	0.067502	1462	0	361	357	1062	354	1100	866	354	883	125	341	149	345	41
1	0.198937	1468	0	361	366	1063	353	1092	866	355	871	155	345
2	0.133792	1472	0	368	357	1063	355	1093	867	356	871	150	344	188	345	31
1	0.165422	1477	0	368	355	1063	352	1100	865	354	882	184	341
2	0.067152	1479	0	368	361	1063	353	1100	866	355	882	186	340	199	342	23
1	0.165901	1484	0	367	355	1062	353	1099	865	353	881	199	341
2	0.066732	1486	0	367	355	1062	353	1099	865	353	881	203	341	224	343	36
1	0.499202	1490	0	363	355	1066	352	1101	864	355	870	227	344
1	0.199539	1507	0	378	357	1074	353	1104	873	366	871	16	357
2	0.066352	1509	0	377	356	1072	352	1104	873	365	870	17	355	38	356	32
1	0.199732	1515	0	377	355	1070	352	1103	872	366	868	36	357
2	0.134283	1519	0	376	355	1070	350	1102	871	365	868	38	353	72	354	47
1	0.199498	1525	0	376	352	1069	348	1101	869	364	865	71	355
2	0.066062	1527	0	376	353	1069	349	1102	869	364	866	71	352	90	356	31
1	0.29906	1536	0	375	351	1070	348	1102	870	363	866	108	354
2	0.099977	1539	0	375	353	1070	348	1101	859	363	866	108	355	138	358	25
1	0.266243	1547	0	367	351	1070	347	1100	858	363	865	139	357
2	0.066901	1549	0	374	349	1071	345	1102	868	363	863	155	357	185	358	49
1	0.232336	1556	0	367	349	1070	345	1101	856	362	863	184	358
2	0.066526	1558	0	374	349	1070	344	1101	867	362	863	186	353	204	358	31
1	0.099747	1561	0	373	348	1069	344	1101	868	361	863	210	356
2	0.099815	1564	0	367	351	1070	344	1101	856	363	863	208	356	226	358	14
1	0.465991	1567	0	374	347	1071	344	1101	867	362	862	231	354
1	0.233362	1585	0	455	348	1156	345	1187	864	444	858	7	368
2	0.066209	1587	0	451	349	1152	346	1183	865	441	858	6	370	26	374	33
1	0.499856	1592	0	425	349	1122	346	1153	865	414	866	35	366
2	0.066141	1604	0	417	351	1113	350	1151	869	406	867	40	365	202	380	283
1	0.199692	1610	0	407	358	1112	346	1142	866	403	865	215	366
2	0.066177	1612	0	414	349	1110	347	1148	866	402	864	210	366	219	362	16
1	0.299492	1621	0	401	358	1105	346	1142	868	395	864	228	359
2	0.066522	1623	0	403	359	1099	347	1143	869	395	865	222	358	188	364	58
1	0.232841	1630	0	409	351	1103	349	1142	869	396	865	184	360
2	0.066662	1632	0	409	360	1104	348	1141	868	397	865	187	358	185	350	13
1	0.099774	1635	0	410	360	1106	348	1144	868	398	865	186	347
2	0.166559	1640	0	410	351	1106	350	1144	870	399	867	184	346	184	358	21
1	0.465768	1654	0	399	360	1102	340	1137	858	395	864	191	357
2	0.100069	1657	0	399	359	1101	337	1138	867	392	863	195	355	179	356	13
1	0.241276	1664	0	401	349	1101	348	1138	866	394	863	175	355
2	0.124739	1668	0	408	360	1100	348	1138	866	395	863	177	351	190	362	15
1	0.199621	1674	0	409	362	1103	350	1139	868	397	865	190	361
2	0.099775	1677	0	410	360	1103	348	1140	856	396	864	187	365	207	374	18
1	0.232694	1684	0	405	357	1108	345	1145	863	398	862	208	369
2	0.100254	1687	0	412	347	1107	345	1146	865	400	863	211	371	230	375	32
1	0.165914	1692	0	411	351	1106	349	1144	868	399	866	231	372
2	0.06751	1694	0	411	351	1106	343	1144	868	399	865	231	373	213	376	30
1	0.199041	1700	0	412	351	1107	349	1144	858	400	866	208	376
2	0.09966	1703	0	411	349	1106	339	1144	866	398	864	216	373	236	377	36
1	0.36663	1705	0	412	349	1106	340	1144	866	398	865	234	376
1	0.365859	1725	0	414	347	1109	346	1147	865	400	863	9	389
2	0.066773	1727	0	415	347	1109	340	1147	864	400	862	8	387	36	391	47
1	0.265637	1734	0	413	345	1109	343	1146	862	400	860	46	390
2	0.099631	1737	0	414	345	1109	333	1146	861	401	859	46	389	72	391	44
1	0.133074	1741	0	411	343	1105	342	1144	861	400	858	71	392
2	0.066728	1743	0	411	345	1106	343	1142	851	398	858	71	392	114	400	73
1	0.266416	1751	0	412	357	1105	341	1142	863	399	860	119	391
2	0.132945	1755	0	414	347	1108	339	1144	864	401	861	117	390	147	391	46
1	0.099897	1758	0	414	358	1108	346	1143	855	401	862	147	391
2	0.066501	1760	0	412	358	1107	341	1143	865	398	863	152	388	177	393	42
1	0.432648	1762	0	405	358	1107	336	1144	866	399	863	177	390
1	0.332942	1783	0	393	363	1089	351	1130	863	387	867	293	94
2	0.066269	1785	0	393	363	1088	351	1131	874	385	868	301	89	330	93	47
1	0.166473	1790	0	397	363	1085	351	1126	864	382	880	334	94
2	0.066545	1792	0	397	363	1084	351	1126	876	388	880	336	90	366	93	49
1	0.199661	1798	0	390	365	1084	350	1125	866	388	882	368	87
2	0.099733	1801	0	389	366	1083	351	1124	866	381	882	371	82	419	91	39
1	0.099826	1804	0	389	365	1082	350	1123	866	386	881	418	90
2	0.100405	1807	0	387	366	1081	350	1122	867	378	882	420	91	450	95	50
1	0.498854	1813	0	387	366	1079	349	1121	867	385	882	457	93
1	0.132711	1826	0	385	370	1074	354	1114	871	382	883	500	95
2	0.100074	1829	0	383	370	1072	355	1112	871	377	883	503	92	515	95	18
1	0.067243	1831	0	382	371	1071	355	1112	872	372	884	514	93
2	0.099145	1834	0	381	373	1069	359	1110	873	378	885	398	100	286	104	192
1	0.100753	1837	0	381	373	1069	358	1109	874	378	885	286	103
2	0.398296	1839	0	381	375	1068	361	1108	875	377	887	287	102	272	100	24
1	0.100899	1852	0	366	374	1055	360	1095	876	363	886	313	93
2	0.098723	1855	0	367	376	1055	361	1102	878	363	888	310	93	333	96	33
1	0.233179	1862	0	368	376	1057	362	1104	879	358	888	332	94
2	0.101994	1865	0	368	377	1056	363	1096	879	365	888	334	92	348	94	11
1	0.197575	1871	0	369	377	1057	363	1104	879	365	888	346	95
2	0.06631	1873	0	369	377	1058	363	1105	879	366	889	347	93	378	97	48
1	0.232891	1880	0	369	377	1058	363	1097	880	365	889	406	93
2	0.067029	1882	0	369	377	1057	363	1097	880	365	889	407	85	434	90	42
1	0.16735	1887	0	369	376	1058	362	1098	879	366	888	453	90
2	0.098475	1890	0	369	377	1058	362	1105	879	361	889	451	83	483	79	54
1	0.171759	1895	0	369	376	1058	362	1098	879	358	889	484	79
2	0.061121	1897	0	369	376	1058	362	1104	866	366	887	482	71	480	80	16
1	0.433186	1910	0	369	376	1056	362	1096	877	366	886	493	79
2	0.066095	1912	0	369	377	1056	363	1095	878	365	887	493	79	502	80	16
1	0.09976	1915	0	369	378	1055	364	1095	879	365	887	505	78
2	0.066432	1917	0	369	377	1055	363	1095	878	359	888	456	79	257	98	319
1	0.166431	1922	0	369	378	1055	364	1101	878	362	888	258	88
2	0.10026	1925	0	369	378	1055	363	1102	878	360	888	261	83	282	84	16
1	0.199216	1931	0	369	380	1057	365	1096	880	367	889	282	80
2	0.066675	1933	0	371	379	1058	364	1097	880	367	889	281	81	304	85	37
1	0.232925	1940	0	370	379	1057	365	1097	881	367	890	309	87
2	0.066442	1942	0	369	379	1057	364	1097	880	359	890	305	85	349	95	70
1	0.598972	1960	0	369	379	1056	365	1105	880	359	890	357	93
2	0.066586	1962	0	367	378	1055	364	1094	881	364	890	364	93	378	96	20
1	0.266073	1970	0	367	378	1055	364	1094	880	361	890	387	95
2	0.066684	1972	0	367	380	1056	366	1095	881	360	891	389	91	413	92	36
1	0.232887	1979	0	367	379	1055	365	1102	882	364	891	413	94
2	0.067079	1981	0	365	379	1053	365	1100	882	363	891	414	92	451	99	61
1	0.200123	1987	0	364	378	1051	364	1099	881	360	889	455	96
2	0.131961	1991	0	364	379	1050	365	1099	881	361	889	455	95	487	103	53
1	0.100422	1994	0	365	379	1052	365	1099	880	362	890	486	98
2	0.066223	1996	0	365	379	1051	365	1098	880	354	889	487	96	502	100	26
1	0.166378	2001	0	365	381	1052	367	1098	882	362	890	503	96
2	0.166534	2006	0	367	381	1053	367	1099	881	363	890	447	97	277	101	141
1	0.265853	2014	0	367	380	1054	366	1092	882	357	891	276	99
2	0.067384	2016	0	366	385	1053	367	1100	882	363	891	290	100	320	108	49
1	0.265576	2024	0	367	380	1054	366	1093	882	363	891	323	106
2	0.100418	2027	0	366	380	1055	366	1101	883	362	892	322	102	342	109	35
1	0.199251	2033	0	366	389	1054	365	1102	882	356	890	349	102
2	0.09945	2036	0	366	380	1055	366	1093	882	356	891	349	104	381	109	55
1	0.266429	2044	0	365	377	1053	363	1098	868	361	889	377	108
2	0.06652	2046	0	364	377	1052	363	1098	868	361	889	378	105	402	110	38
1	0.166982	2051	0	365	376	1053	363	1099	880	360	888	405	106
2	0.099054	2054	0	365	388	1053	364	1100	881	362	890	408	104	428	107	34
1	0.167133	2059	0	365	387	1054	363	1100	879	362	888	434	109
2	0.066455	2061	0	365	377	1053	363	1099	879	361	889	443	113	477	123	57
1	0.199159	2067	0	365	376	1053	362	1099	879	361	887	475	123
2	0.066767	2069	0	365	376	1053	362	1099	879	361	887	474	121	492	124	28
1	0.099664	2072	0	363	376	1051	362	1097	879	360	887	494	121
2	0.099767	2075	0	361	387	1047	363	1094	880	357	887	497	117	514	113	10
1	0.099813	2078	0	359	385	1047	361	1092	878	355	885	516	110
2	0.100025	2081	0	361	387	1047	363	1091	867	357	887	517	103	274	125	200
1	0.299426	2090	0	364	378	1048	364	1095	868	360	888	271	122
2	0.06648	2092	0	363	389	1050	365	1096	880	359	889	281	110	305	114	38
1	0.166376	2097	0	363	376	1051	362	1097	878	353	887	307	111
2	0.099818	2100	0	363	376	1052	363	1097	880	360	888	307	105	327	105	27
1	0.13859	2104	0	365	387	1053	363	1099	880	361	888	330	100
2	0.094874	2107	0	364	377	1052	363	1098	879	356	888	328	101	351	106	20
1	0.099484	2110	0	364	387	1053	363	1099	880	361	888	356	100
2	0.132809	2114	0	365	385	1053	361	1099	879	360	887	358	99	388	102	42
1	0.202092	2120	0	364	375	1054	362	1099	879	361	887	381	104
2	0.097493	2123	0	364	374	1054	361	1100	879	361	887	385	107	418	116	28
1	0.232897	2130	0	365	375	1054	361	1100	878	354	887	420	119
2	0.066636	2132	0	364	384	1053	360	1100	878	360	887	423	115	407	114	26
1	0.29959	2141	0	365	374	1054	360	1099	865	361	886	402	118
2	0.099906	2144	0	365	375	1054	361	1100	879	355	887	408	119	416	118	10
1	0.13351	2148	0	365	373	1054	360	1093	877	354	885	416	119
2	0.09968	2151	0	363	373	1052	359	1098	864	360	884	412	118	438	125	47
1	0.232474	2158	0	363	372	1052	358	1090	863	360	883	438	125
2	0.099766	2161	0	364	373	1051	359	1098	876	352	884	439	127	456	128	15
1	0.399324	2173	0	366	376	1053	362	1100	878	356	887	456	123
2	0.066579	2175	0	365	376	1053	362	1100	878	363	887	457	119	320	142	222
1	0.332891	2185	0	363	385	1052	361	1097	879	353	886	300	137
2	0.099627	2188	0	362	386	1051	362	1097	879	359	887	300	133	355	144	45
1	0.765765	2211	0	361	384	1050	360	1096	879	356	896	389	139
2	0.066142	2213	0	361	384	1050	360	1094	866	357	886	407	138	423	143	26
1	0.233114	2220	0	361	382	1051	358	1096	877	356	884	433	133
2	0.1333	2224	0	361	382	1051	358	1096	876	357	883	437	133	462	131	38
1	0.099514	2227	0	359	368	1050	355	1095	861	355	881	458	138
2	0.067536	2229	0	360	379	1050	355	1096	874	355	891	458	134	351	161	178
1	0.065567	2231	0	359	380	1049	356	1094	875	354	892	351	155
2	0.066654	2233	0	359	380	1049	356	1094	862	355	893	349	153	348	145	13
1	0.16694	2238	0	359	382	1047	358	1092	864	354	894	351	137
2	0.099345	2241	0	359	381	1047	357	1092	862	354	882	356	140	374	146	34
1	0.166487	2246	0	358	381	1047	357	1093	875	353	892	376	141
2	0.066594	2248	0	358	381	1046	357	1091	862	353	892	387	144	408	150	35
1	0.132782	2252	0	357	378	1046	354	1092	872	353	889	411	148
2	0.066673	2254	0	357	378	1046	354	1090	859	354	889	410	148	420	142	18
1	0.632231	2262	0	359	380	1047	356	1092	862	353	892	420	140
1	0.333288	2283	0	355	377	1046	352	1090	860	352	888	479	150
2	0.065926	2285	0	355	377	1045	352	1090	859	350	888	488	151	497	150	15
1	0.266438	2293	0	356	378	1047	353	1091	860	351	889	497	150
2	0.134436	2297	0	355	378	1047	353	1090	860	351	889	496	151	510	155	12
1	0.100184	2300	0	355	377	1046	352	1092	873	349	889	513	151
2	0.131356	2304	0	355	377	1046	352	1090	859	350	888	510	155	293	169	163
1	0.366263	2315	0	341	379	1031	355	1074	862	335	889	300	160
2	0.066206	2317	0	333	379	1031	355	1068	862	335	889	298	153	347	166	82
1	0.19979	2322	0	345	379	1034	355	1077	861	339	889	352	169
2	0.104185	2326	0	345	378	1034	354	1078	859	340	888	355	171	382	175	21
1	0.095701	2328	0	345	377	1034	353	1078	859	341	888	381	174
2	0.06631	2330	0	345	378	1034	354	1071	860	340	888	384	173	422	184	65
1	0.266557	2338	0	347	378	1036	354	1080	859	343	887	420	183
2	0.066434	2340	0	348	368	1036	355	1080	872	343	888	429	182	442	186	20
1	0.165993	2345	0	348	378	1037	354	1080	859	343	887	442	186
2	0.067069	2347	0	348	379	1037	355	1080	860	343	888	451	185	461	186	17
1	0.134307	2351	0	348	379	1037	355	1082	874	342	890	465	182
2	0.098313	2354	0	349	378	1038	354	1081	860	338	889	464	184	485	191	35
1	0.133202	2358	0	347	376	1037	352	1081	858	343	886	494	190
2	0.099552	2361	0	347	376	1037	352	1082	859	342	888	494	188	506	189	18
1	0.13323	2365	0	349	377	1039	353	1082	859	344	888	508	186
2	0.066554	2367	0	353	376	1043	351	1088	857	348	886	501	187	317	205	298
1	0.167478	2372	0	349	374	1039	350	1086	870	345	885	293	195
2	0.098944	2375	0	348	375	1038	351	1084	858	343	886	291	192	278	191	24
1	0.166205	2380	0	348	375	1038	351	1084	870	343	885	281	187
2	0.066889	2382	0	348	375	1038	351	1084	857	343	885	278	185	305	195	46
1	0.19933	2388	0	347	374	1038	350	1082	857	343	885	307	190
2	0.067041	2390	0	348	375	1038	351	1085	872	342	887	311	186	355	195	72
1	0.199349	2396	0	347	374	1038	350	1084	870	342	886	371	194
2	0.066626	2398	0	348	374	1038	350	1084	870	342	886	397	194	435	203	64
1	0.299813	2407	0	346	373	1036	349	1081	855	341	884	432	203
2	0.099264	2410	0	346	374	1034	350	1080	856	341	885	421	205	400	210	37
1	0.166245	2415	0	347	374	1035	350	1080	856	342	885	400	209
2	0.112014	2419	0	347	375	1034	351	1079	856	340	885	401	210	415	211	24
1	0.22152	2425	0	347	377	1037	353	1081	872	342	887	418	205
2	0.099378	2428	0	347	377	1037	353	1080	858	341	887	418	210	457	218	65
1	0.199485	2434	0	348	376	1036	352	1084	872	343	886	461	212
2	0.066381	2436	0	349	377	1039	353	1082	859	343	887	458	214	480	217	36
1	0.067095	2438	0	349	377	1039	353	1083	859	343	887	480	218
2	0.066015	2440	0	349	376	1038	352	1083	858	344	886	481	216	507	220	43
1	0.16678	2445	0	348	376	1039	352	1083	859	344	886	508	219
2	0.066491	2447	0	348	375	1038	351	1084	858	343	886	407	226	297	234	183
1	0.132999	2451	0	349	375	1039	351	1084	858	344	886	297	228
2	0.099696	2454	0	349	375	1040	351	1084	858	345	886	297	224	276	223	16
1	0.166467	2459	0	348	375	1039	351	1083	858	343	886	278	220
2	0.067308	2461	0	348	376	1039	352	1083	859	343	887	278	217	292	220	24
1	0.133958	2465	0	348	374	1039	350	1084	857	342	886	296	220
2	0.164751	2470	0	349	375	1040	351	1085	857	344	885	296	217	327	202	50
1	0.132956	2474	0	348	373	1039	349	1084	856	342	885	329	200
2	0.166647	2479	0	348	375	1039	351	1083	858	342	886	329	194	355	201	30
1	0.299425	2488	0	347	373	1038	349	1083	856	342	885	353	200
2	0.066368	2490	0	346	371	1037	347	1083	868	341	883	337	200	316	207	33
1	0.200658	2496	0	345	372	1035	348	1080	855	341	883	315	206
2	0.0991	2499	0	344	371	1035	347	1072	854	339	881	317	203	306	219	15
1	0.166382	2504	0	343	372	1032	343	1077	854	337	881	305	221
2	0.066325	2506	0	343	372	1024	340	1076	854	336	881	308	225	321	231	20
1	0.166353	2511	0	343	370	1032	339	1075	852	338	879	319	229
2	0.066644	2513	0	344	370	1032	342	1076	853	338	880	333	231	348	234	25
1	0.173531	2518	0	342	372	1031	340	1068	856	335	881	352	233
2	0.12637	2522	0	341	373	1023	349	1073	856	334	881	349	231	381	237	55
1	0.099522	2525	0	343	371	1025	337	1076	854	335	881	383	238
2	0.09976	2528	0	345	372	1034	343	1078	856	337	883	379	234	397	236	14
1	0.23404	2535	0	343	372	1033	338	1078	855	338	882	398	236
2	0.065709	2537	0	343	372	1026	338	1078	856	338	882	404	239	418	240	24
1	0.165953	2542	0	335	372	1033	338	1079	855	340	882	416	236
2	0.066549	2544	0	343	371	1026	339	1078	856	337	882	419	237	443	242	41
1	0.233164	2551	0	336	370	1035	336	1080	854	337	881	444	239
2	0.066703	2553	0	345	370	1036	341	1080	854	338	882	456	240	467	245	20
1	0.166183	2558	0	345	371	1028	343	1080	855	339	882	469	243
2	0.066363	2560	0	336	371	1028	339	1080	854	337	881	471	241	501	248	53
1	0.173431	2565	0	337	371	1029	342	1081	855	340	882	501	246
2	0.093042	2568	0	346	370	1037	341	1081	854	339	881	499	245	510	248	10
1	0.066564	2570	0	337	370	1037	341	1081	854	340	881	510	244
2	0.067747	2572	0	337	370	1036	341	1081	854	340	882	502	244	319	261	300
1	0.431265	2585	0	345	369	1036	345	1080	852	340	879	295	251
2	0.1	2588	0	345	368	1035	344	1078	851	339	879	296	246	324	247	43
1	0.234636	2595	0	345	368	1035	339	1078	851	340	878	327	247
2	0.098109	2598	0	345	369	1033	345	1071	853	338	879	341	247	368	251	25
1	0.233591	2605	0	337	370	1035	342	1072	854	341	880	368	246
2	0.065692	2607	0	345	371	1027	337	1078	854	340	881	369	250	401	260	54
1	0.16673	2612	0	344	372	1026	342	1071	856	337	882	409	258
2	0.099675	2615	0	344	373	1033	340	1077	856	337	883	407	257	434	264	23
1	0.233065	2622	0	343	372	1025	342	1077	856	336	882	441	261
2	0.066357	2624	0	334	373	1033	339	1076	856	335	882	441	259	473	264	56
1	0.299483	2633	0	343	374	1027	350	1077	857	337	883	472	262
2	0.099801	2636	0	343	373	1027	349	1078	856	338	882	473	262	460	275	33
1	0.166882	2641	0	344	373	1027	349	1078	856	338	883	460	275
2	0.132626	2645	0	343	372	1027	339	1078	856	338	882	463	277	475	275	11
1	0.177278	2650	0	344	373	1028	349	1078	856	339	883	473	270
2	0.089605	2653	0	343	372	1027	340	1079	869	338	882	478	267	352	272	115
1	0.23241	2660	0	343	371	1027	337	1079	855	337	881	329	268
2	0.066307	2662	0	343	371	1026	339	1078	854	336	881	329	267	311	268	28
1	0.432617	2675	0	342	372	1024	339	1075	855	337	881	313	265
2	0.06667	2677	0	342	371	1023	338	1075	854	336	880	313	265	355	272	69
1	0.332988	2687	0	341	371	1022	337	1073	853	333	879	361	273
2	0.099588	2690	0	333	372	1022	338	1073	854	335	880	367	269	383	269	28
1	0.166467	2695	0	333	374	1023	350	1073	856	336	882	381	266
2	0.067006	2697	0	342	374	1023	350	1073	857	336	882	381	267	402	271	36
1	0.204623	2703	0	334	373	1025	349	1075	856	338	882	403	269
2	0.095813	2706	0	343	374	1025	350	1075	857	335	882	403	270	424	276	19
1	0.299103	2715	0	335	374	1026	350	1076	857	336	883	423	270
2	0.065555	2717	0	343	374	1026	350	1076	857	338	883	421	272	434	273	21
1	0.166303	2722	0	343	371	1026	349	1076	856	337	882	443	272
2	0.068301	2724	0	343	371	1027	349	1077	856	337	882	441	274	458	278	26
1	0.131723	2728	0	343	371	1026	337	1076	855	336	880	475	282
2	0.132797	2732	0	334	371	1025	340	1076	855	338	880	476	274	505	282	50
1	0.266805	2740	0	333	370	1024	349	1074	856	334	881	506	278
2	0.065765	2742	0	341	370	1023	339	1074	855	333	880	485	281	299	300	315
1	0.133447	2746	0	339	368	1021	337	1071	855	332	878	297	290
2	0.532238	2749	0	336	365	1018	339	1068	852	328	874	297	286	282	286	12
1	0.432648	2775	0	304	397	979	364	1034	855	309	900	283	275
2	0.099943	2778	0	303	395	977	355	1033	854	307	899	288	277	222	278	77
1	0.29935	2787	0	299	395	979	356	1038	864	309	898	225	270
2	0.066611	2789	0	302	395	976	356	1035	863	307	896	229	269	285	274	92
1	0.399388	2794	0	301	391	974	356	1027	861	305	895	286	269
1	0.200326	2807	0	290	396	968	354	1025	853	299	908	467	271
2	0.066081	2809	0	293	396	964	357	1021	856	295	908	467	271	376	260	152
1	0.432265	2813	0	279	406	950	359	1018	858	292	907	357	248
1	0.332994	2832	0	277	413	948	362	1015	866	283	914	296	234
2	0.100182	2835	0	277	413	947	363	1014	856	290	914	292	238	412	258	172
1	0.299396	2844	0	273	419	939	373	1004	865	281	931	414	248
2	0.13272	2847	0	267	420	936	367	1001	866	278	931	414	248	312	257	81
1	0.698644	2851	0	267	419	936	367	1002	865	279	930	312	252
1	0.166916	2874	0	262	424	928	374	993	870	272	933	291	252
2	0.066188	2876	0	262	427	928	375	992	871	273	934	292	250	279	202	78
1	0.099826	2879	0	313	413	1005	396	1050	909	309	934	232	192
