1	0.262302	7	0	398	284	1193	267	1161	789	438	820	136	82
2	0.099378	10	0	397	283	1192	266	1160	788	437	818	138	83	161	108	62
1	0.133291	14	0	397	281	1193	256	1161	786	437	817	162	110
2	0.06649	16	0	397	281	1193	264	1162	787	438	817	163	109	185	111	39
1	0.133412	20	0	394	281	1192	253	1159	787	435	816	187	112
2	0.066291	22	0	391	279	1189	254	1157	786	432	825	192	112	208	112	27
1	0.167192	27	0	384	279	1187	252	1153	787	435	815	213	111
2	0.098938	30	0	385	290	1186	253	1152	787	427	826	214	104	253	110	69
1	0.26672	38	0	391	292	1188	256	1154	789	433	827	250	104
2	0.065988	40	0	391	281	1188	256	1156	790	430	828	260	110	276	113	28
1	0.166496	45	0	387	281	1189	254	1162	789	434	827	276	112
2	0.066822	47	0	386	280	1190	254	1156	789	430	827	280	113	288	111	15
1	0.432295	50	0	391	282	1191	254	1166	780	431	828	283	111
1	0.133162	64	0	398	279	1198	263	1167	787	439	818	60	133
2	0.06737	66	0	396	281	1199	264	1168	787	441	819	62	128	83	127	38
1	0.199337	72	0	401	281	1207	264	1170	788	441	813	83	125
2	0.066425	74	0	399	282	1200	265	1169	788	441	813	86	122	115	124	52
1	0.232469	81	0	400	281	1198	264	1168	788	440	819	114	121
2	0.067564	83	0	401	281	1206	264	1169	787	441	819	113	120	145	125	59
1	0.232471	90	0	399	283	1198	265	1167	788	441	819	148	122
2	0.099223	93	0	399	282	1197	264	1167	787	441	812	151	124	194	131	79
1	0.20046	99	0	399	282	1196	265	1165	787	440	819	209	127
2	0.066803	101	0	399	282	1196	264	1165	787	440	818	209	121	219	125	20
1	0.232219	108	0	397	280	1196	263	1165	786	438	817	224	126
2	0.066361	110	0	398	280	1196	263	1166	786	439	817	231	124	271	128	71
1	0.199982	116	0	396	280	1196	253	1164	786	437	817	275	129
2	0.365638	118	0	395	279	1195	263	1164	786	437	817	271	125	287	127	27
2	0.06663	129	0	399	279	1199	262	1169	785	439	810	76	151	60	152	28
1	0.266182	137	0	405	280	1214	261	1176	796	447	810	60	143
2	0.066498	139	0	405	280	1213	261	1176	796	447	810	63	141	100	144	66
1	0.233032	146	0	408	269	1218	262	1174	796	445	820	98	142
2	0.099908	149	0	412	282	1217	262	1182	796	453	810	97	139	123	138	38
1	0.199512	155	0	409	280	1217	260	1183	784	453	809	122	138
2	0.099915	158	0	410	280	1216	260	1180	794	451	808	135	137	151	139	23
1	0.598932	176	0	408	281	1213	261	1171	794	452	808	152	134
2	0.066508	178	0	411	281	1213	261	1171	794	452	808	152	133	143	138	17
1	0.199674	184	0	408	280	1214	260	1179	794	452	808	139	138
2	0.066598	186	0	406	267	1215	260	1171	791	444	818	137	140	163	139	46
1	0.399273	198	0	407	279	1215	259	1173	782	444	818	170	137
2	0.066936	200	0	409	279	1214	259	1180	793	443	818	177	138	189	140	21
1	0.199976	206	0	406	277	1215	257	1180	792	451	806	191	136
2	0.099233	208	0	405	277	1214	257	1179	792	450	806	196	134	203	138	16
2	0.06735	211	0	405	276	1214	257	1172	782	450	806	142	128	78	122	115
1	0.132243	215	0	406	275	1216	256	1174	780	451	805	79	114
2	0.09993	217	0	407	276	1218	256	1182	792	452	806	79	110	76	91	33
1	0.59884	225	0	407	275	1216	256	1175	781	443	816	74	85
1	0.066625	238	0	404	273	1215	251	1171	783	447	808	159	142
2	0.066552	240	0	406	275	1215	256	1171	782	449	806	158	140	168	137	18
1	0.132953	244	0	404	275	1215	256	1172	782	446	807	167	133
2	0.066826	246	0	406	275	1214	257	1172	782	447	807	178	131	197	134	31
1	0.365906	257	0	400	271	1208	253	1171	779	440	811	195	131
2	0.100168	260	0	399	272	1201	255	1169	780	439	813	196	132	225	134	46
1	0.166026	265	0	400	273	1201	255	1171	779	441	812	224	133
2	0.066566	267	0	400	272	1209	254	1171	779	441	812	228	132	247	134	35
1	0.46612	281	0	402	271	1206	253	1169	778	447	811	249	132
2	0.066333	283	0	403	271	1214	251	1170	778	447	811	250	130	236	130	25
1	0.133095	287	0	402	273	1213	254	1170	780	447	805	239	130
2	0.09981	290	0	402	274	1212	255	1176	791	446	805	242	131	271	134	42
1	0.499613	295	0	402	274	1210	256	1167	781	443	814	265	131
2	0.066463	307	0	463	272	1274	252	1234	787	493	800	69	156	64	153	9
1	0.099937	310	0	451	273	1267	251	1213	787	483	802	66	150
2	0.066021	312	0	440	267	1247	253	1206	787	472	807	101	158	160	160	109
1	0.565744	319	0	434	274	1244	253	1204	781	468	807	162	153
1	0.066554	331	0	425	265	1236	256	1194	782	460	818	192	153
2	0.066459	333	0	425	275	1234	256	1192	781	459	816	195	150	207	152	24
1	0.299652	342	0	410	275	1220	256	1184	791	454	805	222	152
2	0.099767	345	0	410	275	1219	256	1183	791	454	805	220	149	200	149	26
1	0.09983	348	0	411	275	1221	256	1184	790	454	804	200	149
2	0.10002	351	0	411	274	1221	255	1185	779	456	804	197	149	241	151	66
1	0.232792	358	0	411	272	1222	253	1178	778	454	803	243	152
2	0.066605	360	0	409	273	1220	254	1183	789	452	803	246	150	274	156	52
1	0.166402	365	0	410	272	1222	254	1184	790	453	804	272	152
2	0.366593	367	0	410	272	1222	254	1183	779	453	804	270	153	277	155	13
1	0.232325	383	0	417	270	1230	251	1187	777	462	802	57	171
2	0.066603	385	0	417	270	1230	252	1187	778	453	803	65	169	70	171	9
1	0.166337	390	0	421	270	1231	251	1189	783	454	802	70	168
2	0.099874	393	0	422	271	1232	252	1190	778	455	803	70	166	97	167	47
1	0.199512	399	0	422	270	1232	251	1191	783	455	802	98	167
2	0.100163	402	0	423	270	1233	251	1191	777	465	802	94	164	122	167	48
1	0.332448	412	0	423	269	1232	250	1191	783	464	802	123	164
2	0.066837	414	0	422	267	1232	248	1191	783	456	811	124	160	148	162	46
1	0.498898	429	0	423	269	1230	249	1188	781	456	800	152	152
2	0.06661	431	0	424	268	1231	248	1190	782	457	800	153	152	178	156	45
1	0.332622	441	0	423	257	1232	250	1190	776	457	801	192	160
2	0.100102	444	0	421	257	1230	251	1189	777	455	802	192	160	241	169	69
1	0.333411	454	0	417	270	1229	251	1187	777	452	802	244	164
2	0.099155	456	0	419	269	1229	250	1186	777	461	802	237	161	192	165	83
1	0.43253	461	0	419	257	1230	250	1188	783	452	801	193	164
1	0.532297	485	0	419	268	1232	249	1190	783	463	812	214	154
2	0.066681	488	0	421	267	1232	248	1191	782	455	811	211	154	195	158	29
1	0.299551	497	0	418	253	1231	246	1189	782	454	810	194	160
2	0.066474	499	0	415	259	1230	245	1187	780	461	809	212	161	241	163	53
1	0.166353	504	0	417	264	1231	245	1187	779	453	796	248	162
2	0.066563	506	0	419	263	1230	244	1196	771	453	796	245	164	264	166	33
1	0.166319	511	0	419	251	1232	244	1189	779	456	796	264	166
2	0.099968	514	0	423	262	1233	242	1193	770	457	795	264	164	277	168	23
1	0.133575	518	0	426	261	1237	240	1196	769	460	794	275	167
2	0.066073	519	0	427	260	1239	239	1198	769	461	794	256	168	81	186	324
1	0.2994	528	0	428	259	1241	238	1201	769	462	794	67	180
2	0.066551	530	0	427	259	1240	238	1200	769	468	794	69	182	74	196	25
1	0.199851	536	0	428	259	1250	238	1201	775	466	794	75	194
2	0.066485	538	0	426	245	1240	238	1200	769	468	794	75	200	92	205	31
1	0.499003	543	0	431	247	1240	240	1200	771	465	796	91	202
1	0.133075	556	0	425	263	1237	243	1196	778	459	797	110	200
2	0.399422	560	0	421	264	1233	245	1191	783	455	810	130	203	211	217	74
2	0.066891	571	0	385	286	1198	252	1169	779	440	827	92	197	76	197	31
1	0.43232	584	0	408	277	1216	251	1184	788	450	820	72	194
2	0.432767	586	0	407	279	1214	252	1183	790	449	823	72	194	96	200	44
1	0.099652	600	0	402	321	1198	285	1177	809	441	847	117	178
2	0.06649	602	0	399	317	1200	281	1177	814	442	844	120	176	141	176	36
1	0.399597	604	0	401	311	1205	276	1171	810	440	838	142	179
1	0.100232	617	0	404	303	1207	266	1173	793	443	831	190	178
2	0.065833	619	0	404	290	1209	262	1183	798	446	829	179	185	137	194	77
1	0.133147	623	0	406	287	1210	259	1176	796	447	822	140	195
2	0.099937	626	0	407	288	1210	261	1176	795	448	821	139	193	95	200	83
1	0.565535	631	0	411	289	1214	263	1181	794	456	826	95	194
1	0.73211	654	0	415	289	1222	263	1189	798	458	823	88	186
1	0.200106	671	0	418	299	1234	263	1198	802	461	833	91	180
2	0.066207	673	0	424	303	1239	268	1206	805	468	838	91	175	88	115	102
1	0.232779	680	0	427	287	1240	261	1202	803	469	835	81	117
2	0.066782	682	0	425	307	1236	271	1202	809	465	840	81	105	90	103	16
1	0.232761	689	0	410	307	1220	266	1197	814	462	840	98	100
2	0.499133	691	0	406	305	1220	273	1198	811	461	847	94	96	83	95	21
1	0.233134	710	0	396	301	1217	260	1193	803	450	842	92	101
2	0.067187	713	0	405	306	1223	266	1199	806	456	845	98	99	129	108	57
1	0.33246	723	0	431	305	1247	269	1214	816	471	847	122	102
2	0.066199	725	0	430	313	1243	278	1210	809	469	848	121	95	148	97	52
1	0.166369	730	0	430	315	1238	278	1213	809	470	846	156	92
2	0.066847	732	0	424	295	1235	268	1201	812	466	842	156	99	187	102	59
1	0.199297	738	0	420	302	1231	267	1197	807	459	836	201	99
2	0.066628	740	0	416	302	1232	267	1206	805	459	835	203	97	218	102	28
1	0.232779	747	0	420	298	1232	264	1199	793	460	832	213	101
2	0.066736	749	0	417	288	1233	263	1200	793	461	832	219	105	247	107	51
1	0.199956	755	0	422	298	1234	262	1202	793	462	832	249	101
2	0.06619	757	0	424	296	1236	260	1202	799	463	825	251	99	274	102	41
1	0.332633	767	0	426	282	1240	257	1202	797	467	822	270	100
2	0.066768	769	0	427	294	1240	257	1208	792	467	829	271	92	267	96	9
2	0.099675	771	0	427	294	1240	258	1202	798	467	823	272	99	287	109	32
1	0.400126	775	0	427	282	1241	258	1209	796	467	822	285	100
1	0.099032	787	1	455	280	1279	262	1247	796	499	822	69	126
2	0.099914	790	1	455	280	1279	262	1247	796	499	822	75	124	262	119	308
1	0.332654	800	0	459	282	1274	263	1233	794	490	820	266	111
2	0.099946	803	0	460	285	1274	265	1232	798	490	822	270	107	278	112	20
1	0.100207	806	0	459	285	1275	264	1233	796	489	822	278	112
2	0.133518	808	0	460	283	1276	263	1233	803	490	822	278	111	288	113	16
2	0.065778	812	0	457	283	1273	265	1231	797	487	822	274	114	76	144	374
1	0.166208	817	0	451	283	1272	264	1230	797	485	822	73	135
2	0.066633	819	0	452	282	1273	263	1231	796	494	821	72	129	103	130	58
1	0.233357	826	0	458	267	1276	263	1235	796	489	822	102	134
2	0.099406	829	0	455	284	1276	264	1234	797	490	823	115	124	136	126	44
1	0.16644	834	0	460	284	1275	265	1233	799	490	823	135	125
2	0.066546	836	0	459	285	1275	265	1233	797	490	823	134	125	148	126	26
1	0.865213	852	0	451	284	1271	265	1228	797	485	822	159	119
1	0.332759	872	0	437	287	1253	261	1222	809	482	824	199	124
2	0.066564	874	0	438	286	1254	260	1224	798	483	823	195	124	216	126	38
1	0.232902	881	0	437	286	1261	269	1223	798	475	832	211	120
2	0.099778	884	0	439	284	1259	256	1223	796	473	822	215	123	314	234	187
1	0.266164	892	0	436	284	1249	256	1218	795	481	820	317	228
2	0.067386	894	0	439	285	1255	259	1219	796	481	821	313	223	247	233	122
1	0.465144	897	0	440	287	1250	270	1219	797	474	823	196	237
1	0.798659	921	0	437	289	1252	272	1220	809	483	835	166	220
1	0.79902	934	0	441	299	1253	272	1221	813	483	838	166	152
1	0.465704	970	0	429	313	1243	275	1210	816	469	849	102	78
2	0.066177	972	0	429	311	1242	275	1217	813	469	839	101	75	121	81	39
1	0.100999	975	0	429	303	1242	267	1208	807	469	838	126	87
2	0.364945	979	0	432	297	1248	270	1215	811	475	837	127	90	116	89	31
1	0.199753	992	0	432	298	1258	272	1226	830	479	851	133	89
2	0.067337	994	0	431	298	1255	272	1223	817	477	849	133	91	162	95	56
1	0.099045	997	0	432	305	1254	268	1221	813	473	845	164	90
2	0.10083	1000	0	429	305	1251	268	1218	815	470	847	166	91	181	95	28
1	0.198638	1006	0	420	313	1240	277	1208	811	464	850	190	88
2	0.067132	1008	0	417	299	1236	274	1204	810	462	849	187	90	213	90	47
1	0.565512	1025	0	406	299	1224	263	1191	796	449	835	219	92
2	0.066256	1027	0	407	281	1228	254	1202	805	453	835	218	102	232	104	26
1	0.565577	1034	0	415	294	1233	258	1201	794	455	833	238	101
2	0.066517	1046	0	396	296	1216	262	1194	807	450	835	263	100	224	103	71
1	0.232993	1053	0	410	295	1230	260	1195	806	449	836	215	102
2	0.099985	1056	0	412	297	1231	261	1205	806	451	837	200	101	133	109	132
1	0.100262	1059	0	414	296	1233	261	1208	806	457	836	130	109
2	0.099233	1062	0	415	296	1235	260	1202	806	455	836	135	109	244	109	198
1	0.167312	1067	0	411	296	1231	259	1196	806	458	835	248	106
2	0.065642	1069	0	412	296	1232	260	1206	806	451	836	248	104	283	112	69
1	0.166408	1074	0	414	296	1234	261	1201	807	454	836	283	107
2	0.399595	1076	0	414	294	1234	259	1201	795	453	835	284	108	295	108	21
1	0.13279	1090	0	426	294	1245	255	1211	799	468	825	68	120
2	0.06704	1092	0	429	283	1246	257	1213	800	470	826	66	124	58	127	15
1	0.099343	1095	0	429	284	1248	258	1216	810	474	825	58	122
2	0.066577	1097	0	429	283	1250	253	1218	810	473	825	57	122	86	128	52
1	0.299479	1105	0	427	284	1249	258	1216	801	471	835	92	122
2	0.06743	1108	0	429	283	1251	257	1218	801	473	833	102	123	125	126	45
1	0.23201	1114	0	431	282	1252	255	1219	811	471	826	127	124
2	0.099858	1116	0	427	282	1248	255	1216	801	469	834	123	122	142	122	35
2	0.066617	1119	0	425	293	1246	255	1213	801	466	834	146	117	119	119	48
1	0.632275	1129	0	426	298	1250	261	1217	805	470	838	100	116
1	0.099755	1141	0	428	280	1254	242	1216	787	468	820	150	115
2	0.066616	1143	0	429	280	1256	243	1217	787	469	820	149	116	159	118	18
1	0.166356	1148	0	428	282	1248	246	1217	790	468	823	169	122
2	0.066742	1150	0	422	283	1247	247	1215	791	470	824	172	120	208	125	66
1	0.199539	1156	0	417	287	1240	251	1202	795	461	820	213	121
2	0.066537	1158	0	417	287	1239	251	1207	794	462	826	215	120	232	123	33
1	0.232862	1165	0	420	289	1236	252	1204	795	461	827	231	121
2	0.099864	1168	0	421	290	1237	254	1204	795	461	821	235	121	272	125	62
1	0.400367	1180	0	424	289	1244	252	1212	796	464	822	272	122
2	0.065662	1182	0	426	289	1245	252	1213	796	465	822	276	123	287	125	20
1	0.499389	1188	0	429	289	1250	252	1219	796	469	822	293	121
1	0.498693	1202	0	438	278	1268	251	1230	796	479	821	51	140
1	0.733838	1224	0	434	293	1255	257	1222	801	474	833	87	130
1	0.398599	1246	0	443	287	1270	260	1233	813	486	838	70	137
2	0.065565	1248	0	443	288	1269	259	1233	814	485	838	71	139	83	140	22
1	0.266169	1256	0	436	298	1256	261	1224	805	477	837	98	133
2	0.066552	1258	0	434	286	1257	262	1225	814	478	838	99	136	123	139	44
1	0.166471	1263	0	437	286	1258	260	1226	814	479	837	122	137
2	0.099956	1266	0	436	286	1267	259	1228	814	480	837	122	133	137	134	20
1	0.200029	1272	0	434	286	1259	257	1227	813	480	837	138	135
2	0.066096	1274	0	435	286	1260	258	1229	812	481	837	138	135	156	137	34
1	0.266168	1282	0	434	286	1265	259	1228	815	480	839	153	133
2	0.06643	1284	0	432	288	1257	261	1226	815	479	839	152	132	161	136	16
1	0.133353	1288	0	431	286	1262	261	1225	814	477	838	160	132
2	0.066426	1290	0	432	287	1256	261	1225	815	476	831	161	131	129	137	58
1	0.432561	1303	0	428	289	1248	261	1216	816	471	839	131	133
2	0.066607	1305	0	427	289	1247	263	1215	816	472	839	130	136	130	117	33
1	0.299448	1314	0	430	290	1250	263	1218	816	476	832	132	114
2	0.066636	1316	0	431	292	1251	263	1220	815	476	831	150	122	177	141	62
1	0.23285	1323	0	425	302	1242	266	1210	808	465	834	178	135
2	0.066774	1325	0	420	302	1242	266	1209	808	464	840	177	133	207	142	56
1	0.266055	1333	0	425	299	1246	262	1213	806	466	839	204	141
2	0.066646	1335	0	427	299	1247	259	1215	816	467	839	217	139	228	141	20
1	0.133077	1339	0	426	286	1255	258	1216	815	468	838	223	142
2	0.066458	1341	0	426	285	1248	260	1216	814	468	837	229	143	255	143	46
1	0.166713	1346	0	427	283	1250	257	1218	813	468	836	253	144
2	0.066149	1348	0	428	284	1251	256	1218	813	470	837	254	142	274	145	39
1	0.16636	1353	0	430	284	1261	256	1224	813	476	836	278	142
2	0.09986	1356	0	431	285	1263	255	1226	812	475	836	245	144	72	173	318
1	0.199659	1362	0	436	284	1270	256	1224	811	473	828	71	160
2	0.100036	1365	0	440	285	1268	266	1225	811	483	837	67	152	94	151	42
1	0.166407	1370	0	437	282	1271	264	1228	801	475	835	94	153
2	0.066417	1372	0	437	269	1269	263	1227	800	474	826	93	160	143	166	97
1	0.233232	1379	0	432	280	1265	253	1221	799	477	825	175	157
2	0.066245	1381	0	433	279	1262	250	1218	799	474	825	173	156	206	159	62
1	0.300544	1390	0	427	280	1250	252	1219	798	470	824	211	156
2	0.065464	1392	0	430	280	1250	254	1219	798	473	824	210	155	223	158	26
1	0.100056	1395	0	429	280	1260	254	1223	798	474	824	221	156
2	0.066318	1397	0	431	272	1260	251	1222	798	474	824	220	159	251	163	60
1	0.166395	1402	0	429	284	1259	257	1223	811	474	835	255	154
2	0.067253	1404	0	430	283	1262	253	1225	810	476	836	253	155	274	158	38
1	0.365444	1406	0	430	284	1263	255	1216	812	476	837	276	155
1	0.100577	1418	0	445	282	1276	263	1233	808	488	827	62	172
2	0.065746	1420	0	445	271	1277	263	1235	801	481	827	62	176	80	177	34
1	0.100505	1423	0	447	282	1277	262	1235	808	481	827	80	169
2	0.065807	1425	0	447	279	1278	256	1235	808	481	827	79	170	101	172	40
1	0.33325	1435	0	444	281	1275	262	1232	800	478	827	104	168
2	0.06605	1437	0	443	281	1274	262	1232	800	486	826	101	167	96	166	10
1	0.433262	1440	0	442	273	1274	255	1232	800	477	827	94	172
2	0.099188	1453	0	442	279	1274	261	1231	807	485	825	124	160	95	167	41
1	0.167921	1458	0	439	279	1272	260	1230	799	475	825	97	169
2	0.098383	1461	0	440	279	1270	261	1228	799	482	824	93	166	120	167	39
1	0.266196	1469	0	439	281	1266	262	1224	798	474	824	124	163
2	0.066569	1471	0	440	279	1267	259	1225	797	473	823	124	161	153	164	53
1	0.336569	1481	0	445	272	1271	252	1230	799	475	818	153	167
2	0.09607	1484	0	438	271	1269	250	1227	797	481	815	153	163	194	165	38
1	0.233133	1491	0	435	265	1267	245	1226	787	478	812	193	168
2	0.0671	1493	0	431	268	1266	249	1224	797	477	815	196	167	209	170	24
1	0.098936	1496	0	433	271	1264	252	1222	799	475	817	207	167
2	0.067362	1498	0	429	270	1260	252	1218	799	472	825	210	164	247	171	68
1	0.132444	1502	0	426	270	1261	251	1218	800	472	825	248	168
2	0.066461	1504	0	429	270	1261	251	1219	799	473	825	248	168	261	169	26
1	0.066592	1506	0	427	269	1262	251	1220	799	473	816	263	169
2	0.066614	1508	0	427	269	1263	251	1221	799	473	825	234	170	68	197	307
1	0.333552	1518	0	443	270	1277	249	1235	797	477	818	65	185
2	0.065704	1520	0	444	260	1279	242	1231	797	479	817	68	186	85	203	44
1	0.19965	1526	1	444	260	1279	242	1231	797	479	817	85	201
2	0.066708	1528	0	448	268	1279	254	1232	796	483	816	88	199	96	201	14
1	0.166507	1533	0	441	267	1276	246	1234	796	475	816	99	196
2	0.066233	1535	0	439	267	1274	246	1232	796	474	816	104	195	136	201	60
1	0.166363	1540	0	439	268	1278	247	1231	796	478	815	133	196
2	0.099848	1543	0	438	255	1278	248	1230	797	473	816	134	201	182	208	81
1	0.199691	1549	0	437	268	1269	246	1228	796	471	815	185	202
2	0.06663	1551	0	435	255	1268	247	1227	796	470	815	182	204	206	207	42
1	0.19963	1557	0	434	267	1267	246	1226	796	476	815	211	202
2	0.09973	1560	0	434	267	1268	247	1226	797	477	816	212	200	251	202	38
1	0.166368	1565	0	438	266	1272	246	1230	796	480	814	248	202
2	0.066625	1567	0	441	267	1276	246	1234	796	483	816	248	201	283	205	64
1	0.166835	1572	0	440	255	1277	247	1229	797	475	817	283	204
2	0.099834	1575	0	442	267	1278	246	1230	797	484	816	211	205	66	218	296
1	0.29959	1584	1	443	267	1279	250	1232	797	477	817	69	214
2	0.066146	1586	1	443	267	1279	250	1232	797	477	817	76	211	98	216	40
1	0.099715	1589	1	443	267	1279	250	1232	797	477	817	96	214
2	0.133169	1593	1	443	267	1279	250	1232	797	477	817	98	213	113	213	31
1	0.133477	1597	1	443	267	1279	250	1232	797	477	817	113	213
2	0.099809	1600	1	443	267	1279	250	1232	797	477	817	112	214	137	212	31
1	0.165891	1605	1	443	267	1279	250	1232	797	477	817	137	211
2	0.066629	1607	1	443	267	1279	250	1232	797	477	817	136	210	161	213	47
1	0.199723	1613	1	443	267	1279	250	1232	797	477	817	177	211
2	0.066509	1615	1	443	267	1279	250	1232	797	477	817	193	212	229	216	67
1	0.13309	1619	0	443	269	1277	247	1229	796	478	816	230	213
2	0.09981	1622	0	442	267	1276	246	1235	795	476	815	228	214	253	217	44
1	0.133888	1626	0	444	255	1275	248	1234	797	476	817	250	218
2	0.065864	1628	0	446	269	1276	247	1228	796	477	817	260	214	276	217	32
1	0.099725	1631	0	446	269	1277	247	1235	797	478	817	276	217
2	0.066682	1633	0	446	254	1278	249	1230	798	479	818	256	219	59	281	364
1	0.2662	1641	1	449	270	1279	253	1232	798	480	818	83	231
2	0.066472	1643	1	449	270	1279	253	1232	798	480	818	94	229	106	228	23
1	0.133549	1647	1	449	270	1279	253	1232	798	480	818	107	227
2	0.066103	1649	1	449	270	1279	253	1232	798	480	818	120	226	137	228	31
1	0.232987	1656	1	449	270	1279	253	1232	798	480	818	136	226
2	0.06657	1658	1	449	270	1279	253	1232	798	480	818	142	225	165	227	43
1	0.466381	1663	1	449	270	1279	253	1232	798	480	818	164	226
1	0.132642	1675	1	449	270	1279	253	1232	798	480	818	193	216
2	0.099808	1679	1	449	270	1279	253	1232	798	480	818	198	216	223	217	45
1	0.232835	1686	0	448	272	1279	251	1238	801	486	821	221	215
2	0.066642	1688	0	448	272	1278	251	1237	801	482	820	222	217	231	219	15
1	0.166276	1692	0	447	266	1279	251	1231	800	478	820	230	220
2	0.066499	1694	0	443	271	1278	250	1237	800	477	820	221	219	200	222	39
1	0.199918	1700	0	442	272	1276	251	1234	800	476	820	201	219
2	0.066421	1702	0	441	259	1276	251	1235	800	477	820	197	222	207	222	19
1	0.100621	1705	0	446	272	1275	251	1234	800	476	820	211	218
2	0.065988	1707	0	446	272	1274	251	1233	799	476	819	210	218	243	224	63
1	0.166202	1712	0	441	272	1272	251	1231	799	475	819	252	222
2	0.066446	1714	0	441	272	1272	251	1231	800	475	820	254	220	236	220	32
1	0.167217	1719	0	446	272	1274	251	1233	799	476	820	235	221
2	0.065715	1721	0	446	271	1275	250	1234	799	476	820	234	221	251	223	30
1	0.599003	1729	0	440	272	1274	251	1233	801	474	821	266	222
1	0.300101	1748	1	444	271	1277	250	1239	800	478	820	68	235
2	0.065918	1750	1	444	271	1277	250	1239	800	478	820	67	232	101	235	64
1	0.266316	1758	1	444	271	1277	250	1239	800	478	820	103	231
2	0.132961	1762	1	444	271	1277	250	1239	800	478	820	103	231	169	236	115
1	0.26633	1770	1	444	271	1277	250	1239	800	478	820	168	234
2	0.066495	1772	0	442	266	1277	245	1238	797	476	817	169	234	185	237	29
1	0.266206	1780	0	439	253	1278	245	1236	796	474	816	194	238
2	0.066609	1782	0	444	265	1277	244	1236	795	483	814	192	231	226	236	63
1	0.266111	1790	0	438	264	1274	244	1232	794	481	813	232	233
2	0.067156	1792	0	438	263	1274	242	1233	793	473	812	234	233	262	239	52
1	0.099408	1795	0	435	263	1273	242	1232	793	472	813	267	236
2	0.133042	1798	0	438	264	1274	243	1232	794	472	813	269	235	277	236	12
2	0.066834	1801	0	439	263	1278	242	1231	786	474	813	275	235	138	252	249
1	0.33264	1811	1	441	251	1278	242	1240	787	477	814	92	253
2	0.066697	1813	1	441	251	1278	242	1240	787	477	814	95	250	153	256	110
1	0.166055	1818	1	441	251	1278	242	1240	787	477	814	154	250
2	0.066529	1820	1	441	251	1278	242	1240	787	477	814	166	250	228	258	115
1	0.16888	1825	1	441	251	1278	242	1240	787	477	814	228	253
2	0.171845	1830	0	439	259	1279	239	1232	784	482	810	234	250	263	249	27
1	0.15874	1835	0	439	258	1279	252	1239	784	482	810	257	249
2	0.066289	1837	0	438	259	1278	239	1237	787	473	812	261	251	127	271	250
1	0.299497	1846	1	437	260	1277	240	1239	786	474	813	113	263
2	0.067135	1848	1	437	260	1277	240	1239	786	474	813	113	259	84	265	55
1	0.19909	1854	1	437	260	1277	240	1239	786	474	813	84	262
2	0.06646	1856	1	437	260	1277	240	1239	786	474	813	85	260	110	262	47
1	0.299642	1865	0	442	261	1279	241	1232	784	477	811	122	255
2	0.099718	1868	0	442	261	1279	240	1232	786	476	811	127	255	182	260	99
1	0.233429	1875	0	440	260	1277	240	1235	791	483	810	181	260
2	0.066048	1877	0	440	260	1278	240	1237	784	475	811	184	259	201	263	32
1	0.266496	1885	0	439	260	1278	240	1237	784	481	810	198	260
2	0.066451	1887	0	438	259	1277	239	1235	791	480	810	208	260	225	261	29
1	0.26618	1895	0	426	254	1270	226	1228	781	471	807	228	264
2	0.066467	1897	0	427	254	1270	225	1227	780	470	806	229	263	254	264	45
1	0.232942	1904	0	426	251	1269	224	1226	787	469	805	256	262
2	0.066482	1906	0	425	252	1270	223	1226	787	469	805	254	263	276	263	39
1	0.166335	1911	0	427	252	1271	223	1227	787	470	805	281	262
2	0.100234	1914	0	427	252	1271	222	1228	779	470	805	270	263	61	283	314
1	0.265892	1922	1	433	249	1279	230	1237	784	478	802	59	277
2	0.100254	1925	1	433	249	1279	230	1237	784	478	802	63	271	89	273	46
1	0.266179	1933	1	433	249	1279	230	1237	784	478	802	93	267
2	0.099377	1936	1	433	249	1279	230	1237	784	478	802	93	264	134	265	48
1	0.26647	1944	1	433	249	1279	230	1237	784	478	802	134	262
2	0.099682	1947	1	433	249	1279	230	1237	784	478	802	134	262	148	262	23
1	0.167032	1952	1	433	249	1279	230	1237	784	478	802	149	262
2	0.099146	1955	1	433	249	1279	230	1237	784	478	802	155	263	178	265	43
1	0.09987	1958	1	433	249	1279	230	1237	784	478	802	178	257
2	0.132927	1960	1	433	249	1279	230	1237	784	478	802	176	252	187	256	21
2	0.099932	1965	0	432	234	1279	220	1232	764	475	791	182	273	201	264	485
1	0.266674	1973	0	429	234	1276	207	1228	765	471	791	207	269
2	0.066194	1975	0	429	232	1277	204	1234	773	470	791	209	271	234	277	47
1	0.300777	1984	0	424	231	1274	203	1230	772	466	788	240	276
2	0.065226	1986	0	423	231	1272	202	1229	773	465	789	245	275	260	277	29
1	0.166388	1991	0	421	230	1270	202	1227	771	463	787	259	275
2	0.066474	1993	0	416	229	1270	199	1226	770	463	796	258	269	266	270	14
1	0.133747	1997	0	417	229	1270	200	1226	770	455	786	276	275
2	0.099836	2000	0	423	227	1279	198	1229	769	465	795	249	272	67	290	323
1	0.332127	2010	1	422	228	1276	198	1233	768	468	796	68	281
2	0.066938	2012	1	422	228	1276	198	1233	768	468	796	77	279	98	284	36
1	0.698531	2033	0	431	229	1279	221	1232	765	479	784	89	285
2	0.066539	2035	1	431	229	1279	221	1232	765	479	784	90	285	101	287	19
1	0.199585	2041	0	431	230	1279	197	1230	760	474	787	105	286
2	0.066692	2043	0	428	228	1278	199	1229	761	473	796	108	283	120	284	22
1	0.100064	2046	0	429	231	1278	199	1229	762	473	788	121	286
2	0.066379	2048	0	429	229	1276	200	1227	761	471	797	119	280	94	284	46
1	0.199605	2054	0	427	228	1276	198	1227	760	470	786	97	288
2	0.100236	2057	0	427	230	1277	199	1228	761	471	787	96	286	125	289	45
1	0.236143	2064	0	428	228	1276	199	1233	769	470	787	125	289
2	0.129641	2068	0	426	227	1275	198	1232	768	468	795	125	284	134	282	10
1	0.134348	2072	0	422	228	1274	199	1225	760	468	796	135	281
2	0.065256	2074	0	425	228	1274	198	1225	760	468	786	137	285	157	289	37
1	0.099766	2077	0	422	229	1278	199	1228	759	465	795	154	283
2	0.066332	2079	0	422	227	1269	198	1227	758	464	796	156	283	160	272	20
1	0.632835	2088	0	418	230	1267	200	1224	768	464	796	164	274
1	0.132556	2102	0	409	239	1258	201	1214	758	462	784	197	280
2	0.09987	2105	0	405	230	1255	200	1211	770	451	794	201	278	237	285	32
1	0.233942	2112	0	409	239	1253	201	1208	759	457	785	237	286
2	0.065599	2114	0	409	239	1254	201	1209	758	449	793	236	283	249	284	24
1	0.199623	2120	0	397	237	1249	199	1203	757	453	790	254	281
2	0.067276	2122	0	396	236	1244	198	1195	757	440	790	256	279	273	280	28
1	0.165695	2127	0	387	234	1237	197	1191	749	439	788	276	282
2	0.066471	2129	0	388	235	1238	198	1192	750	440	789	250	281	85	309	304
1	0.13306	2133	0	395	235	1245	196	1199	756	438	782	80	305
2	0.100561	2136	0	395	225	1248	198	1204	756	452	790	73	299	58	296	27
1	0.232363	2143	0	400	225	1251	199	1207	756	454	791	55	294
2	0.066467	2145	0	399	227	1250	198	1205	757	453	791	57	291	85	294	49
1	0.233462	2152	0	400	225	1251	197	1208	756	446	783	89	298
2	0.099282	2155	0	403	229	1252	199	1210	756	448	782	89	296	101	298	21
1	0.133128	2159	0	404	229	1253	199	1209	757	449	783	100	297
2	0.100134	2162	0	404	229	1253	199	1209	765	450	783	102	295	205	307	113
1	0.166224	2167	0	404	228	1252	199	1208	757	449	783	204	307
2	0.066757	2169	0	404	229	1253	198	1209	768	450	783	207	303	237	301	54
1	0.166039	2174	0	405	228	1254	197	1211	756	451	782	238	301
2	0.06703	2176	0	405	227	1254	196	1213	756	450	782	235	302	213	303	40
1	0.166682	2181	0	404	229	1254	198	1211	757	449	783	216	300
2	0.099113	2184	0	403	227	1253	200	1209	757	454	783	213	298	238	299	44
1	0.232862	2191	0	403	227	1254	199	1212	757	449	783	239	298
2	0.06654	2193	0	404	228	1255	200	1211	758	455	784	237	297	224	304	26
1	0.166323	2198	0	404	228	1255	201	1210	768	455	793	219	301
2	0.100006	2201	0	404	228	1255	200	1213	757	449	783	177	318	88	340	170
1	0.099812	2204	0	405	227	1256	199	1214	757	451	783	88	338
2	0.067419	2206	0	406	228	1257	200	1214	757	451	783	86	335	79	332	14
1	0.431593	2210	0	406	226	1258	199	1215	756	451	782	80	332
1	0.100122	2222	0	406	218	1268	188	1217	757	457	776	111	321
2	0.066347	2224	0	406	217	1267	188	1217	757	452	775	114	324	145	330	58
1	0.233156	2231	0	411	217	1268	187	1218	756	453	784	142	325
2	0.066323	2233	0	407	217	1267	184	1210	748	453	784	143	325	163	329	36
1	0.166361	2238	0	407	218	1268	185	1218	755	446	785	165	327
2	0.066584	2240	0	410	207	1268	186	1211	748	453	774	162	331	179	332	31
1	0.266548	2248	0	404	212	1268	182	1211	751	457	781	193	325
2	0.100522	2251	0	403	210	1267	179	1209	743	450	779	201	327	219	326	34
1	0.165574	2256	0	402	207	1266	178	1208	741	447	767	222	331
2	0.066304	2258	0	398	205	1264	175	1213	739	454	765	219	329	239	334	39
1	0.399348	2270	0	395	203	1264	173	1214	739	452	765	248	332
2	0.066668	2272	0	398	205	1266	174	1217	739	446	766	252	333	278	338	46
1	0.233062	2274	0	401	206	1266	175	1218	740	455	766	276	335
1	0.233565	2286	1	418	204	1278	175	1234	750	471	767	77	348
2	0.065744	2287	1	418	204	1278	175	1234	750	471	767	78	343	99	345	37
1	0.266116	2295	1	418	204	1278	175	1234	750	471	767	105	341
2	0.066541	2297	1	418	204	1278	175	1234	750	471	767	103	339	120	339	30
1	0.299592	2306	1	418	204	1278	175	1234	750	471	767	129	336
2	0.066508	2308	1	418	204	1278	175	1234	750	471	767	127	333	145	334	32
1	0.332762	2318	1	418	204	1278	175	1234	750	471	767	145	332
2	0.099881	2321	1	418	204	1278	175	1234	750	471	767	145	333	169	337	25
1	0.467748	2335	0	415	195	1277	165	1227	739	461	769	169	336
2	0.067371	2337	0	410	195	1279	173	1225	740	468	758	165	334	176	338	18
1	0.363555	2348	0	412	195	1279	173	1224	732	467	758	192	334
2	0.066421	2350	0	409	204	1279	164	1222	739	464	766	202	328	226	335	46
1	0.133136	2354	0	408	204	1269	166	1226	732	461	767	230	337
2	0.066908	2356	0	410	203	1275	166	1225	731	459	766	229	336	258	337	52
1	0.265876	2364	0	402	203	1263	165	1219	731	455	765	262	337
2	0.100176	2367	0	401	203	1269	164	1218	730	453	756	263	337	65	361	228
1	0.398934	2379	1	418	198	1278	161	1241	726	473	753	61	356
2	0.066772	2381	1	418	198	1278	161	1241	726	473	753	63	355	88	357	45
1	0.23276	2388	1	418	198	1278	161	1241	726	473	753	92	355
2	0.099718	2391	1	418	198	1278	161	1241	726	473	753	92	353	162	355	121
1	0.299444	2400	0	415	196	1278	158	1229	725	467	752	165	352
2	0.099818	2403	0	414	196	1277	158	1228	726	466	752	165	349	187	351	44
1	0.166317	2408	0	404	195	1279	156	1222	724	461	750	192	352
2	0.067472	2410	0	408	194	1279	156	1221	724	460	754	192	348	219	352	47
1	0.133292	2414	0	407	194	1279	143	1227	724	459	750	223	355
2	0.134686	2418	0	401	194	1277	155	1227	724	457	753	221	352	256	357	33
1	0.164189	2423	0	400	194	1269	144	1226	725	457	758	258	352
2	0.066439	2425	0	405	194	1276	157	1225	724	456	750	178	364	81	378	178
1	0.132909	2429	0	407	194	1279	155	1222	724	458	750	83	372
2	0.099807	2432	0	405	193	1275	155	1225	724	461	750	83	370	64	369	35
1	0.19969	2438	0	413	193	1278	156	1228	724	465	750	62	369
2	0.099781	2441	0	414	194	1278	156	1228	725	467	751	62	368	96	370	57
1	0.266172	2449	0	414	195	1279	162	1230	723	471	750	93	366
2	0.066628	2451	0	417	194	1279	164	1230	723	461	750	99	365	123	367	42
1	0.333156	2461	0	414	195	1279	165	1230	723	461	750	123	365
2	0.066173	2463	0	413	195	1279	162	1230	723	470	750	118	364	133	365	27
1	0.332847	2473	0	408	194	1274	144	1223	725	461	755	147	362
2	0.066395	2475	0	408	194	1278	156	1222	725	460	751	144	362	174	368	54
1	0.199667	2481	0	400	194	1268	157	1227	725	457	759	176	366
2	0.09981	2484	0	400	195	1268	158	1226	726	457	759	182	367	189	366	12
1	0.133416	2488	0	400	195	1268	157	1227	726	457	760	188	365
2	0.066195	2490	0	400	195	1268	158	1227	726	457	760	188	364	211	368	43
1	0.233179	2497	0	396	195	1264	158	1223	727	453	759	215	361
2	0.099629	2500	0	397	195	1273	159	1222	727	453	760	214	360	232	360	35
1	0.133178	2504	0	396	195	1273	158	1222	726	452	759	233	359
2	0.066491	2506	0	395	195	1273	159	1221	727	452	759	239	360	271	366	56
1	0.233085	2513	0	395	194	1264	146	1220	726	452	759	275	367
2	0.099769	2516	0	394	195	1271	159	1219	726	451	759	272	363	80	387	238
1	0.332816	2526	0	409	195	1272	158	1223	724	462	750	74	385
2	0.06652	2528	0	411	194	1275	157	1225	724	463	750	85	381	105	383	37
1	0.234197	2535	0	411	193	1276	155	1226	723	469	749	104	380
2	0.098723	2538	0	412	193	1278	154	1228	723	467	749	110	379	163	381	99
1	0.199435	2544	0	412	192	1277	154	1227	723	465	749	163	382
2	0.100065	2547	0	410	194	1274	157	1224	725	462	751	164	381	199	381	49
1	0.299273	2556	0	401	194	1269	157	1228	725	457	754	199	380
2	0.066637	2558	0	400	194	1268	157	1226	725	457	758	205	379	244	382	70
1	0.365956	2569	0	397	192	1275	156	1224	725	452	757	245	377
2	0.066642	2571	0	396	192	1275	156	1223	725	453	758	250	378	267	379	31
1	0.232905	2578	0	397	191	1276	143	1225	724	452	757	270	379
2	0.132991	2582	0	397	192	1269	144	1225	725	454	758	272	379	86	403	279
1	0.266292	2590	1	409	191	1278	155	1240	724	475	750	80	399
2	0.066495	2592	1	409	191	1278	155	1240	724	475	750	85	396	91	395	12
1	0.199938	2598	1	409	191	1278	155	1240	724	475	750	91	394
2	0.066315	2600	1	409	191	1278	155	1240	724	475	750	90	392	116	396	47
1	0.366396	2611	1	409	191	1278	155	1240	724	475	750	117	391
2	0.066724	2613	1	409	191	1278	155	1240	724	475	750	128	392	141	393	23
1	0.232392	2620	1	409	191	1278	155	1240	724	475	750	141	391
2	0.099895	2623	1	409	191	1278	155	1240	724	475	750	160	394	211	399	89
1	0.133129	2627	1	409	191	1278	155	1240	724	475	750	211	397
2	0.066508	2629	1	409	191	1278	155	1240	724	475	750	210	396	186	396	44
1	0.300096	2638	1	409	191	1278	155	1240	724	475	750	186	394
2	0.399931	2640	1	409	191	1278	155	1240	724	475	750	187	392	208	391	37
1	0.398175	2662	0	329	205	1187	162	1151	730	391	773	325	99
2	0.06656	2664	0	330	203	1187	161	1152	729	400	772	329	88	350	88	39
1	0.267575	2672	0	329	207	1186	164	1150	731	391	775	352	82
2	0.065072	2674	0	328	208	1184	166	1148	733	397	777	351	79	382	86	62
1	0.066663	2676	0	324	211	1178	169	1150	736	386	779	384	85
2	0.066484	2678	0	320	215	1174	172	1139	729	382	782	381	82	377	86	11
1	0.133175	2682	0	304	225	1156	182	1127	747	366	789	390	78
2	0.099742	2684	0	301	229	1142	187	1119	750	370	791	400	73	416	79	32
1	0.432649	2689	0	294	230	1151	187	1120	750	362	792	413	76
1	0.166206	2703	0	286	236	1136	195	1111	745	363	797	469	79
2	0.100643	2705	0	285	236	1134	195	1109	746	361	798	475	82	486	81	19
2	0.065919	2708	0	281	238	1131	200	1112	761	348	802	488	82	484	77	10
1	0.100135	2711	0	279	252	1127	201	1108	750	353	803	486	79
2	0.066211	2713	0	277	253	1124	202	1106	751	351	804	500	81	490	73	24
2	0.066871	2715	0	274	255	1114	205	1095	754	342	813	495	70	504	77	20
1	0.299746	2724	0	263	254	1100	205	1087	753	334	812	507	74
2	0.099347	2727	0	264	254	1102	204	1089	753	335	812	505	74	350	235	405
1	0.233177	2734	0	265	242	1114	204	1093	753	339	811	256	412
2	0.066173	2736	0	264	242	1112	205	1092	754	337	812	257	404	258	394	14
1	0.100066	2739	0	266	256	1113	205	1092	754	338	812	261	390
2	0.46628	2742	0	267	256	1106	205	1093	754	338	812	261	389	283	388	37
1	0.298989	2762	0	260	266	1094	216	1081	762	332	820	492	94
2	0.066473	2764	0	258	268	1102	217	1080	765	331	822	504	86	516	86	24
1	0.598988	2782	0	253	267	1089	221	1083	767	323	823	550	80
2	0.133319	2786	0	253	268	1089	222	1083	768	323	824	577	77	314	101	407
1	0.232662	2793	0	254	269	1089	211	1082	769	324	825	317	102
2	0.100038	2796	0	243	271	1085	224	1079	770	320	825	318	89	342	94	43
1	0.299401	2805	0	244	271	1086	212	1079	771	329	825	355	93
2	0.066457	2807	0	243	272	1085	226	1069	772	319	826	356	85	391	89	68
1	0.133369	2811	0	243	271	1085	225	1069	772	318	826	389	86
2	0.06635	2813	0	241	268	1085	211	1069	770	325	824	389	91	387	86	10
1	0.06694	2815	0	239	267	1085	209	1067	769	323	823	387	89
2	0.099445	2818	0	236	264	1081	208	1063	756	320	821	387	97	401	96	13
1	0.300164	2827	0	231	280	1064	213	1060	759	312	830	432	92
2	0.09957	2830	0	232	280	1063	214	1059	759	313	829	434	90	451	93	32
1	0.13347	2834	0	232	281	1064	214	1059	759	313	830	452	92
2	0.098921	2837	0	231	268	1065	213	1061	759	314	830	448	93	500	99	47
1	0.465972	2851	0	232	282	1066	216	1069	762	312	833	531	96
2	0.099784	2853	0	232	281	1066	217	1062	761	313	833	558	92	564	99	16
2	0.066543	2856	0	233	282	1067	217	1062	762	313	833	570	97	435	112	250
1	0.166891	2861	0	233	280	1068	215	1063	760	313	831	337	114
2	0.066751	2863	0	234	279	1068	215	1064	760	313	831	333	110	325	109	14
1	0.165752	2867	0	234	280	1069	213	1064	760	314	831	325	107
2	0.066504	2869	0	234	280	1069	214	1064	761	314	831	331	105	351	107	36
1	0.066572	2871	0	233	279	1068	215	1064	761	313	831	349	102
2	0.067174	2874	0	232	279	1067	215	1062	761	311	831	349	95	354	91	13
1	0.19911	2879	0	229	278	1064	215	1059	761	308	830	358	93
2	0.066475	2881	0	221	279	1063	215	1058	762	307	831	359	92	387	100	54
1	0.099973	2884	0	219	278	1062	215	1064	761	305	830	384	100
2	0.066323	2886	0	218	278	1062	215	1063	762	312	831	379	99	383	92	14
1	0.565896	2894	0	215	277	1056	215	1057	761	309	828	385	97
1	0.066494	2905	0	209	278	1041	204	1041	751	300	829	431	100
2	0.100147	2908	0	208	275	1042	203	1042	762	299	828	440	100	448	98	18
1	0.099385	2911	0	209	276	1043	204	1043	751	300	834	445	100
2	0.067067	2913	0	207	276	1042	204	1042	751	299	829	453	106	473	104	37
1	0.199336	2919	0	210	288	1042	205	1044	764	299	830	478	100
2	0.06653	2921	0	207	277	1042	205	1042	764	298	830	476	101	502	103	50
1	0.232867	2928	0	210	277	1045	205	1045	753	301	831	506	105
2	0.066491	2930	0	211	276	1046	204	1052	763	302	830	508	103	536	107	50
1	0.233881	2937	0	211	276	1054	203	1052	763	302	830	539	108
2	0.065738	2939	0	211	276	1047	204	1052	751	302	830	542	110	556	110	26
1	0.099857	2942	0	211	276	1047	203	1047	764	302	830	556	107
2	0.066451	2944	0	211	277	1047	203	1047	764	303	830	561	106	574	111	25
1	0.066558	2946	0	211	277	1047	216	1047	764	303	830	569	100
2	0.099799	2949	0	211	277	1046	205	1051	752	302	831	538	112	312	130	386
1	0.232951	2956	0	209	274	1046	201	1046	762	300	828	318	125
2	0.067169	2958	0	208	273	1053	201	1050	749	299	828	313	122	327	120	24
1	0.099331	2961	0	208	273	1045	200	1045	761	299	827	333	119
2	0.066672	2963	0	208	272	1045	200	1045	748	299	826	328	120	344	121	28
1	0.232938	2970	0	208	272	1044	199	1044	759	299	825	360	118
2	0.099743	2973	0	207	272	1043	212	1043	759	299	825	357	111	410	116	98
1	0.232853	2980	0	205	271	1041	198	1041	747	296	825	411	121
2	0.067057	2982	0	206	273	1048	199	1042	760	297	826	429	119	459	124	58
1	0.265702	2990	0	205	273	1042	201	1042	749	296	827	458	120
2	0.099881	2992	0	206	274	1043	202	1043	763	297	829	469	120	522	126	97
1	0.366023	3004	0	196	276	1042	203	1042	764	295	830	521	120
2	0.066431	3006	0	196	276	1042	204	1042	752	296	830	519	122	395	149	238
1	0.166707	3011	0	206	277	1042	205	1042	766	296	832	357	154
2	0.09976	3014	0	197	278	1043	205	1043	753	296	831	356	148	343	149	23
1	0.332538	3024	0	196	276	1042	203	1046	764	295	830	347	146
2	0.066595	3026	0	203	274	1041	202	1041	751	294	830	343	151	356	148	25
1	0.266301	3034	0	200	271	1039	201	1043	750	290	829	357	150
2	0.066536	3036	0	201	272	1038	201	1042	750	290	829	359	152	369	151	18
1	0.199766	3042	0	202	286	1037	202	1041	762	290	829	376	146
2	0.100639	3045	0	200	274	1036	203	1036	752	292	830	371	149	382	148	19
1	0.16563	3050	0	200	273	1036	202	1036	750	290	828	381	150
2	0.066473	3052	0	200	272	1036	202	1036	750	290	828	381	148	396	152	28
1	0.301224	3061	0	202	286	1036	202	1036	751	290	829	417	151
2	0.065057	3063	0	191	275	1036	204	1036	752	290	830	419	151	453	154	49
1	0.233016	3070	0	201	287	1036	205	1039	752	291	836	454	149
2	0.066503	3072	0	201	287	1037	203	1040	751	291	836	452	149	475	152	41
1	0.066067	3074	0	199	285	1034	203	1034	751	289	835	479	152
2	0.099886	3077	0	188	273	1033	202	1037	750	287	835	474	148	480	144	14
1	0.099829	3080	0	198	285	1033	202	1037	750	287	835	482	145
2	0.067465	3082	0	198	284	1034	201	1034	750	288	835	490	149	508	155	33
1	0.49888	3088	0	188	275	1033	203	1037	751	288	836	504	151
1	0.165779	3102	0	200	286	1035	204	1035	752	290	836	538	150
2	0.066558	3104	0	200	286	1035	204	1038	751	290	836	538	153	556	156	31
1	0.166418	3109	0	198	285	1034	203	1037	750	288	836	556	155
2	0.133221	3113	0	200	286	1033	203	1033	751	289	834	558	154	323	172	360
1	0.266679	3121	0	200	274	1042	201	1034	750	290	828	320	167
2	0.066508	3123	0	202	287	1035	203	1039	762	291	835	327	157	350	160	44
1	0.232315	3130	0	202	286	1036	203	1036	751	291	829	351	159
2	0.066567	3132	0	200	275	1036	205	1036	753	291	831	348	158	371	160	40
1	0.333173	3142	0	201	288	1036	205	1040	752	292	837	372	155
2	0.066884	3144	0	201	287	1036	205	1039	752	290	831	373	156	403	161	56
1	0.198972	3150	0	202	287	1037	204	1040	752	292	837	403	159
2	0.067093	3152	0	202	287	1037	203	1041	752	291	831	406	160	414	160	14
1	0.299018	3161	0	202	288	1037	204	1040	752	292	837	416	158
2	0.099663	3164	0	202	288	1037	205	1041	752	291	831	417	157	424	158	13
1	0.067813	3166	0	202	287	1036	204	1040	751	291	836	427	157
2	0.431393	3168	0	201	287	1036	205	1040	752	291	831	429	154	449	158	36
1	0.399899	3182	0	201	288	1035	206	1037	752	290	836	443	153
2	0.066027	3193	0	190	276	1032	206	1035	753	290	836	426	156	448	160	42
1	0.232836	3200	0	190	277	1033	207	1037	753	290	837	447	159
2	0.066633	3202	0	199	288	1033	207	1035	753	288	837	448	157	485	162	65
1	0.199614	3208	0	199	289	1032	208	1036	755	288	839	486	161
2	0.067318	3210	0	199	289	1033	208	1036	754	288	838	487	156	507	163	38
1	0.099016	3213	0	198	288	1033	207	1036	754	288	838	510	160
2	0.166485	3217	0	190	276	1034	206	1045	752	289	838	509	162	515	162	9
1	0.465815	3232	0	202	289	1035	207	1039	753	291	838	543	164
2	0.099936	3235	0	201	288	1035	206	1035	753	291	837	559	166	328	187	222
1	0.266015	3243	0	200	287	1035	204	1035	752	289	830	332	183
2	0.100499	3246	0	199	286	1034	204	1034	752	289	835	331	176	344	170	21
1	0.232758	3253	0	200	287	1032	205	1045	751	289	830	343	170
2	0.066298	3255	0	200	287	1033	204	1033	751	289	829	355	171	368	170	23
1	0.233595	3262	0	189	275	1033	204	1036	750	289	829	366	172
2	0.071376	3264	0	200	288	1033	204	1034	751	289	829	367	168	393	171	40
1	0.427256	3277	0	190	286	1032	203	1035	752	286	836	398	170
2	0.066352	3279	0	191	287	1033	204	1035	752	294	835	409	170	422	171	23
1	0.200597	3285	0	190	286	1032	204	1035	752	294	835	423	170
2	0.065652	3287	0	191	286	1033	203	1045	751	294	835	422	171	443	176	39
1	0.432552	3300	0	190	287	1033	204	1036	752	287	837	444	172
2	0.067555	3302	0	190	288	1033	205	1035	753	286	837	444	170	454	175	18
1	0.099269	3305	0	198	287	1033	205	1044	752	287	837	451	176
2	0.066092	3307	0	200	288	1035	206	1035	754	290	837	452	172	482	177	56
1	0.233485	3314	0	199	287	1033	204	1037	752	288	837	482	179
2	0.099563	3317	0	198	287	1034	205	1037	752	288	837	480	178	490	180	18
1	0.232728	3324	0	190	289	1032	206	1036	754	287	838	506	177
2	0.099865	3327	0	199	289	1031	206	1035	754	288	838	504	175	525	177	21
1	0.099787	3330	0	189	277	1031	207	1034	753	288	837	523	176
2	0.099725	3333	0	190	276	1032	205	1035	752	289	830	525	176	549	178	24
1	0.299425	3342	0	190	275	1033	204	1037	750	290	829	547	178
2	0.066631	3344	0	199	276	1034	204	1034	751	291	836	548	181	556	183	14
1	0.06657	3346	0	200	275	1034	204	1035	751	290	829	557	182
2	0.100267	3349	0	200	275	1035	203	1035	751	293	836	555	181	324	198	220
1	0.332223	3359	0	190	274	1043	202	1035	752	291	835	324	192
2	0.067056	3361	0	201	287	1035	203	1035	752	290	830	347	189	366	192	34
1	0.232517	3368	0	189	274	1034	203	1038	750	289	835	362	189
2	0.099803	3371	0	199	286	1034	203	1034	752	290	836	364	187	390	184	44
1	0.266384	3379	0	198	286	1033	204	1044	751	287	836	388	185
2	0.099751	3382	0	199	287	1034	204	1034	752	290	836	393	183	441	189	87
1	0.200475	3388	0	188	275	1033	203	1033	752	288	836	440	189
2	0.098877	3391	0	198	286	1033	202	1033	751	287	836	441	188	425	188	32
1	0.100778	3394	0	188	286	1031	203	1035	751	286	836	426	187
2	0.098986	3397	0	189	287	1030	203	1034	751	286	835	426	187	473	191	65
1	0.233325	3404	0	186	273	1029	202	1032	750	286	834	474	190
2	0.066203	3406	0	195	273	1029	201	1033	749	287	834	479	192	525	198	83
1	0.366036	3417	0	195	272	1030	199	1034	747	287	825	525	195
2	0.066663	3419	0	188	272	1031	205	1034	747	288	825	526	192	543	197	32
1	0.266108	3427	0	189	270	1034	197	1034	747	290	825	544	197
2	0.099902	3430	0	199	282	1033	198	1033	747	289	825	543	194	476	193	122
1	0.266753	3438	0	196	271	1033	200	1033	748	289	826	475	192
2	0.099142	3441	0	196	272	1033	199	1033	749	288	827	481	192	501	193	36
1	0.100021	3444	0	195	270	1040	197	1034	748	288	833	498	193
2	0.066402	3446	0	188	270	1033	199	1033	748	288	833	514	193	546	200	59
1	0.166563	3451	0	188	271	1033	198	1033	748	288	833	543	196
2	0.099713	3454	0	197	271	1038	198	1034	748	289	826	543	199	550	199	12
1	0.066538	3455	0	198	271	1034	200	1034	749	290	827	555	198
2	0.067313	3458	0	198	271	1035	199	1035	748	290	826	548	199	375	219	317
1	0.29858	3466	0	198	272	1034	201	1034	749	290	827	336	208
2	0.067457	3468	0	198	272	1034	199	1034	749	289	827	338	203	362	205	46
1	0.332379	3478	0	187	271	1031	199	1031	748	287	833	362	199
2	0.066185	3480	0	187	271	1031	198	1031	749	286	827	369	198	399	202	55
1	0.099818	3483	0	193	271	1030	198	1034	748	286	832	395	201
2	0.099977	3486	0	187	285	1028	200	1032	750	285	833	400	195	423	201	39
1	0.166244	3491	0	184	274	1027	201	1031	749	285	833	432	200
2	0.066664	3493	0	192	273	1026	201	1026	750	284	833	433	198	385	207	88
1	0.499	3508	0	190	273	1025	202	1025	751	282	834	357	219
2	0.06681	3510	0	189	273	1024	202	1028	751	280	835	370	218	408	222	70
1	0.232707	3517	0	190	286	1024	203	1027	751	279	835	411	217
2	0.066524	3519	0	191	287	1023	204	1024	753	279	835	412	213	437	218	44
1	0.266401	3527	0	188	284	1023	201	1033	750	285	832	438	217
2	0.066411	3529	0	188	284	1023	202	1023	752	285	832	442	215	453	217	19
1	0.166385	3534	0	189	286	1023	203	1023	753	278	835	453	217
2	0.066518	3536	0	190	286	1025	203	1027	751	279	835	453	218	471	223	32
1	0.333613	3546	0	192	286	1026	203	1029	751	281	834	481	222
2	0.065948	3548	0	190	273	1026	203	1029	751	281	834	480	223	507	225	49
1	0.565444	3556	0	192	285	1026	203	1026	752	281	833	512	220
1	0.4658	3579	0	185	277	1027	204	1031	752	285	836	520	216
2	0.066636	3581	0	185	278	1027	205	1031	752	285	836	523	217	512	216	20
1	0.965176	3599	0	186	278	1030	205	1034	753	287	838	511	216
1	0.16686	3615	0	196	279	1031	205	1036	754	288	832	551	219
2	0.066396	3617	0	195	277	1031	204	1031	753	288	831	478	228	328	250	279
1	0.099355	3620	0	187	278	1031	205	1036	754	287	832	328	242
2	0.066603	3622	0	195	278	1031	205	1036	754	288	832	328	238	317	235	20
1	0.166497	3627	0	187	276	1031	204	1032	753	287	831	318	231
2	0.066485	3629	0	186	276	1030	204	1035	754	287	838	316	227	324	228	14
1	0.266388	3637	0	194	288	1027	204	1031	752	283	836	328	225
2	0.066251	3639	0	194	289	1027	205	1031	752	284	836	329	222	337	224	15
1	0.199709	3645	0	192	277	1027	205	1030	752	285	837	334	222
2	0.066736	3647	0	185	278	1027	205	1031	752	285	837	337	220	362	225	43
1	0.26629	3655	0	185	278	1028	204	1032	753	285	837	361	223
2	0.132831	3657	0	185	278	1029	204	1032	753	285	837	366	225	386	228	36
2	0.099909	3662	0	192	278	1028	205	1033	766	285	838	197	311	396	216	374
1	0.399254	3674	0	192	276	1029	204	1032	753	284	837	392	221
2	0.067286	3676	0	185	277	1029	204	1032	753	284	837	395	223	409	226	25
1	0.165784	3681	0	184	276	1029	203	1033	752	284	836	408	226
2	0.066488	3683	0	194	287	1028	203	1031	752	283	836	412	227	420	228	14
1	0.234139	3690	0	191	286	1027	203	1030	751	280	836	422	226
2	0.098624	3693	0	190	287	1024	204	1028	753	279	837	424	225	452	228	47
1	0.232934	3700	0	190	276	1025	205	1030	754	280	838	447	227
2	0.066684	3702	0	192	289	1025	206	1029	754	280	838	450	224	463	228	22
1	0.299509	3711	0	190	288	1023	205	1026	754	278	836	472	228
2	0.066279	3713	0	191	289	1022	206	1025	753	279	837	480	226	490	227	17
1	0.266298	3721	0	191	285	1023	201	1027	748	281	832	490	230
2	0.066878	3723	0	189	271	1025	200	1028	748	281	832	488	229	516	236	52
1	0.166782	3728	0	191	286	1024	202	1025	752	281	834	525	232
2	0.065911	3730	0	190	286	1024	203	1024	751	280	835	527	233	546	236	33
1	0.266051	3738	0	191	290	1025	206	1035	755	281	839	543	235
2	0.100004	3740	0	190	290	1024	206	1028	754	279	838	530	234	346	253	335
1	0.633215	3750	0	191	289	1023	205	1028	753	279	838	332	243
1	0.132437	3764	0	188	271	1024	201	1024	750	279	834	330	235
2	0.099397	3767	0	190	284	1024	201	1028	750	279	834	333	233	374	239	78
1	0.199753	3773	0	188	270	1025	199	1025	750	279	833	373	240
2	0.06643	3775	0	188	271	1025	199	1029	749	279	834	373	241	381	243	14
1	0.10035	3778	0	187	272	1025	201	1028	750	279	835	381	242
2	0.066428	3780	0	188	272	1025	201	1025	751	279	835	382	240	399	245	31
1	0.199416	3786	0	187	285	1023	202	1023	752	276	835	405	241
2	0.066599	3788	0	186	285	1023	202	1025	753	275	835	405	241	434	245	52
1	0.332694	3798	0	178	285	1021	202	1021	752	280	834	434	239
2	0.066422	3800	0	177	286	1019	203	1021	753	280	834	433	240	453	243	33
1	0.399452	3812	0	175	278	1016	208	1020	755	272	838	463	243
2	0.067106	3814	0	177	290	1016	207	1019	754	272	837	473	243	490	245	29
1	0.165808	3819	0	177	290	1017	207	1019	755	272	837	490	244
2	0.366117	3821	0	177	291	1017	208	1019	755	272	838	491	244	516	247	45
1	0.332782	3840	0	178	289	1020	206	1023	756	281	836	532	239
2	0.066492	3842	0	178	289	1019	206	1023	755	273	837	541	239	550	242	14
1	0.499355	3857	0	180	287	1022	203	1025	753	275	836	549	245
2	0.066364	3859	0	178	286	1021	203	1023	753	281	834	550	241	533	244	33
1	0.63219	3867	0	176	273	1023	202	1025	753	282	834	532	242
1	0.266293	3886	0	178	288	1019	203	1022	752	274	835	546	246
2	0.099854	3889	0	178	288	1019	203	1023	752	274	835	459	250	330	261	233
1	0.665503	3909	0	178	285	1021	201	1024	751	274	834	330	251
2	0.06652	3911	0	179	286	1021	201	1025	752	274	835	330	245	366	253	65
1	0.332779	3921	0	175	271	1021	200	1024	751	273	834	387	254
2	0.100071	3924	0	178	285	1021	201	1023	752	280	834	389	250	365	251	28
1	0.332468	3934	0	179	285	1017	203	1020	753	276	834	366	251
2	0.099915	3936	0	179	285	1017	204	1020	754	276	835	375	252	400	254	47
2	0.066649	3939	0	177	284	1016	203	1019	753	274	834	401	253	465	262	113
1	0.66541	3945	0	175	274	1015	205	1025	755	274	836	471	256
1	0.066551	3961	0	177	289	1011	207	1014	756	273	836	545	258
2	0.100003	3964	0	176	287	1011	205	1014	755	273	835	541	258	336	273	309
1	0.33277	3974	0	179	287	1015	205	1019	754	276	836	333	267
2	0.066483	3976	0	178	288	1016	206	1023	755	275	836	332	262	321	264	21
1	0.300038	3985	0	172	289	1015	207	1024	756	274	837	318	261
2	0.066345	3987	0	170	275	1016	207	1018	755	274	836	317	260	335	262	33
1	0.066218	3989	0	177	287	1016	206	1017	756	274	836	341	260
2	0.100004	3992	0	177	287	1016	206	1017	757	274	837	343	258	362	255	21
1	0.432319	4005	0	170	286	1015	205	1016	755	272	836	363	258
2	0.066583	4007	0	165	285	1010	205	1011	756	266	836	365	259	377	262	20
1	0.200314	4013	0	158	284	994	194	1006	746	258	837	381	269
2	0.065768	4015	0	149	285	994	194	1006	746	257	837	382	266	397	269	30
1	0.565754	4021	0	149	285	1001	193	1003	757	256	837	400	260
1	0.133234	4036	0	140	287	982	197	994	747	256	843	422	260
2	0.066637	4038	0	141	287	982	197	996	747	247	839	426	263	433	267	16
1	0.399137	4049	0	154	287	989	197	1004	759	254	839	433	263
2	0.066689	4051	0	153	287	988	197	1003	747	253	839	436	270	457	273	36
1	0.132936	4055	0	154	288	989	210	998	749	254	840	457	267
2	0.099837	4058	0	155	286	991	196	1005	759	254	839	460	269	480	269	37
1	0.232984	4065	0	156	287	1002	195	1007	747	256	839	477	269
2	0.066661	4067	0	155	286	1001	195	1006	759	255	839	491	268	509	271	31
1	0.232813	4074	0	158	285	995	194	1005	758	258	837	512	271
2	0.133057	4078	0	159	284	995	206	1005	757	259	836	513	268	534	269	26
1	0.166428	4083	0	160	284	1005	204	1006	756	260	835	531	266
2	0.100405	4086	0	159	284	1005	205	1005	757	259	836	515	265	337	290	298
1	0.165861	4091	0	158	283	1005	204	1006	756	259	835	336	289
2	0.099809	4094	0	158	283	1004	191	1005	756	258	836	346	289	402	285	99
1	0.133034	4098	0	159	284	995	193	1010	756	259	836	401	284
2	0.066511	4100	0	158	284	1003	205	1004	756	258	836	399	279	445	286	82
1	0.166572	4105	0	158	286	993	207	1008	756	258	836	448	281
2	0.066838	4107	0	157	285	992	207	1007	756	258	835	450	280	492	285	75
1	0.199326	4113	0	157	287	990	196	1005	757	257	836	495	285
2	0.066551	4115	0	157	287	990	209	999	747	257	837	494	286	520	292	45
1	0.366169	4117	0	157	286	991	208	1006	757	258	836	518	286
2	0.066668	4128	0	158	288	1001	195	1008	757	259	837	518	286	335	308	336
1	0.266687	4136	0	159	286	993	195	1009	757	259	837	331	300
2	0.065857	4138	0	159	287	994	209	1009	757	259	837	341	295	394	299	96
1	0.19954	4144	0	159	286	994	195	1004	758	259	837	399	296
2	0.067305	4146	0	150	287	994	208	1003	746	259	837	394	297	432	304	67
1	0.232136	4153	0	158	286	1003	207	1006	746	257	837	440	300
2	0.066655	4155	0	157	286	993	195	1002	747	257	838	450	302	487	305	67
1	0.399241	4167	0	158	285	1003	193	1005	758	258	837	487	295
2	0.066626	4169	0	159	286	995	194	1005	758	259	837	491	297	498	299	12
1	0.133134	4173	0	160	286	996	208	1006	758	260	837	499	297
2	0.099786	4176	0	159	285	1003	206	1005	757	259	836	499	296	481	306	21
1	0.233015	4183	0	160	285	995	206	1007	756	260	835	482	306
2	0.066972	4185	0	159	286	993	207	1003	757	259	836	484	307	500	312	28
1	0.132718	4189	0	159	287	1002	207	1003	757	260	836	497	309
2	0.099802	4192	0	160	286	993	207	1003	756	260	835	500	312	525	312	31
1	0.166471	4197	0	160	287	1003	207	1009	756	261	836	520	309
2	0.066392	4199	0	162	287	1005	206	1006	756	263	836	529	311	540	314	19
1	0.067204	4201	0	162	287	1005	206	1006	756	263	835	539	313
2	0.099226	4204	0	162	286	1005	206	1006	757	263	836	542	310	371	332	154
1	0.432661	4217	0	158	282	1002	202	1006	741	258	832	331	330
2	0.399937	4220	0	154	279	988	201	997	740	255	831	321	325	335	330	35
1	0.698219	4250	0	117	354	918	262	951	781	225	887	362	313
