1	0.133036	3	0	458	579	849	584	870	881	442	885	225	138
2	0.066507	5	0	457	588	849	584	870	881	442	885	234	135	252	134	17
1	0.16648	10	0	457	587	847	580	869	881	442	885	255	133
2	0.066583	12	0	457	587	849	587	871	887	442	885	254	127	99	146	145
1	0.133113	16	0	460	579	850	577	872	880	444	884	92	150
2	0.067439	18	0	461	577	852	586	874	884	445	883	79	148	60	151	17
1	0.232054	25	0	462	577	851	576	874	878	443	878	64	153
2	0.066347	27	0	461	580	851	584	874	884	442	883	65	147	109	148	40
1	0.199947	33	0	460	587	851	585	873	879	442	879	115	140
2	0.066411	35	0	460	586	850	579	873	879	445	883	117	140	150	141	31
1	0.267134	43	0	460	581	850	585	872	878	440	878	148	145
2	0.065564	45	0	460	580	850	587	871	878	440	883	144	141	217	148	69
1	0.199691	51	0	458	586	848	579	870	878	439	883	231	146
2	0.066637	53	0	458	581	847	584	870	878	439	883	228	144	193	144	30
1	0.133122	57	0	457	586	848	585	869	879	439	883	195	136
2	0.06668	59	0	458	576	848	586	870	879	440	883	188	143	239	149	48
1	0.199519	65	0	458	582	848	587	870	882	439	885	250	144
2	0.066953	67	0	458	583	847	588	870	882	439	884	250	140	271	143	18
1	0.432111	70	0	459	584	849	587	871	887	440	886	274	141
1	0.266574	88	0	464	587	854	587	877	889	445	890	102	158
2	0.066199	90	0	464	587	854	587	877	887	446	884	112	161	96	157	14
1	0.133098	94	0	463	586	853	588	876	889	445	888	94	153
2	0.100024	97	0	463	587	854	586	876	884	445	884	96	150	141	155	33
1	0.199525	103	0	464	588	854	589	877	891	445	890	140	154
2	0.066429	105	0	464	588	854	592	877	891	445	891	141	154	162	151	19
1	0.166415	110	0	463	587	853	591	877	893	445	888	169	154
2	0.100422	113	0	464	588	854	589	877	894	446	889	171	153	217	154	43
1	0.133105	117	0	463	589	853	592	875	890	444	895	210	150
2	0.099305	120	0	463	589	852	588	876	896	444	894	215	154	202	152	10
1	0.133071	124	0	463	595	853	602	875	896	444	894	199	146
2	0.066529	126	0	463	597	852	601	875	901	444	901	201	146	240	148	36
1	0.232937	133	0	463	599	852	600	875	902	444	903	247	147
2	0.066605	135	0	462	599	852	603	874	902	444	903	249	142	280	145	29
1	0.133127	139	0	464	596	853	601	875	902	445	898	277	149
2	0.099673	142	0	467	600	856	607	879	902	449	898	171	152	65	167	115
1	0.200099	148	0	467	598	857	605	880	900	449	896	64	164
2	0.099421	151	0	467	598	856	605	881	905	449	901	81	158	108	156	24
1	0.133356	155	0	468	594	858	601	881	898	450	896	105	160
2	0.066359	157	0	468	593	857	600	881	897	450	895	105	157	76	161	27
1	0.166542	162	0	467	596	856	604	880	898	449	895	77	158
2	0.066616	164	0	466	593	856	603	879	897	449	894	82	157	140	163	55
1	0.233627	171	0	464	594	853	599	876	899	446	894	154	159
2	0.066277	173	0	464	594	853	599	876	899	446	895	163	161	175	160	12
1	0.065949	175	0	463	593	853	599	876	898	445	899	174	158
2	0.066712	177	0	462	592	852	599	875	899	444	893	176	158	196	160	17
1	0.166088	182	0	463	591	852	597	876	897	445	898	203	160
2	0.066679	184	0	463	590	854	601	877	896	445	892	209	161	184	158	23
1	0.067134	186	0	463	594	853	601	877	896	445	892	190	156
2	0.066136	188	0	462	593	853	599	876	896	444	891	211	159	249	159	37
1	0.23276	195	0	462	586	852	593	875	897	443	898	248	165
2	0.066543	197	0	462	591	852	601	875	897	443	892	249	162	268	163	17
1	0.466736	202	0	462	592	853	599	876	898	444	893	287	163
1	0.132343	215	0	467	590	857	595	881	896	449	893	63	183
2	0.099733	218	0	467	591	857	601	880	896	448	893	61	181	111	176	50
1	0.299543	227	0	466	590	855	593	880	896	448	892	112	179
2	0.06687	229	0	466	591	856	602	879	897	448	893	108	172	157	176	45
1	0.265811	237	0	465	592	856	600	879	898	447	894	162	176
2	0.099823	239	0	466	593	856	603	879	898	448	894	157	172	189	174	29
2	0.0666	242	0	465	592	855	599	878	898	447	894	206	176	194	174	10
1	0.101136	245	0	464	597	854	604	877	903	446	895	207	169
2	0.099492	248	0	464	593	853	601	876	900	445	895	204	172	197	174	16
1	0.398495	260	0	464	600	853	607	876	902	446	898	251	170
2	0.066793	262	0	465	601	854	608	877	903	447	899	180	182	65	192	106
1	0.366072	273	0	465	596	854	603	877	902	447	898	66	189
2	0.099371	276	0	465	595	855	606	878	901	447	897	61	186	86	196	28
1	0.199668	282	0	465	598	855	605	878	901	447	902	86	192
2	0.399366	284	0	465	595	855	602	878	900	447	896	86	197	137	196	47
1	0.166385	299	0	467	594	857	599	880	899	449	896	129	176
2	0.066858	301	0	467	594	857	600	880	900	449	896	132	176	200	186	63
1	0.166162	306	0	468	593	858	599	882	900	450	897	194	190
2	0.066404	308	0	470	594	860	601	883	899	452	896	193	186	162	186	29
1	0.166433	313	0	473	598	860	606	883	902	452	899	160	183
2	0.100094	316	0	470	598	860	608	884	903	453	900	167	185	225	187	55
1	0.166269	321	0	470	599	860	607	884	905	453	903	228	185
2	0.066507	323	0	470	600	860	610	884	905	452	902	227	186	255	187	25
1	0.399262	335	0	473	605	863	605	887	906	456	904	270	194
2	0.066739	337	0	477	605	864	605	889	911	457	904	272	200	79	213	178
1	0.166235	342	0	495	595	885	611	902	909	474	905	65	211
2	0.067269	344	0	495	598	884	611	902	908	470	905	73	208	56	209	15
1	0.099348	347	0	494	602	884	615	902	910	470	906	58	205
2	0.099974	350	0	493	601	883	614	900	909	469	905	59	208	119	208	57
1	0.332228	360	0	491	597	881	611	899	910	470	899	113	209
2	0.066688	362	0	490	597	880	612	897	910	466	906	114	204	178	206	61
1	0.269325	370	0	490	600	879	609	897	912	464	908	181	203
2	0.063571	372	0	488	605	879	609	897	914	465	901	194	202	211	208	16
1	0.133256	376	0	488	605	879	613	897	914	464	909	207	202
2	0.066056	378	0	488	604	879	609	897	914	464	909	210	205	189	203	19
1	0.233382	385	0	488	605	879	614	897	915	464	910	188	200
2	0.100068	388	0	486	605	874	616	895	916	462	910	189	199	231	205	36
1	0.199641	394	0	486	604	873	618	894	918	465	912	226	202
2	0.066074	396	0	486	608	873	616	894	918	465	912	232	204	264	205	30
1	0.332734	406	0	488	611	879	625	897	921	467	916	255	199
2	0.066591	408	0	490	607	878	616	899	921	466	916	213	212	124	216	80
1	0.19984	414	0	490	612	882	625	900	923	467	911	128	212
2	0.066483	416	0	490	609	881	623	900	925	465	920	128	209	89	209	37
1	0.299535	425	0	501	617	893	625	912	933	476	922	89	205
2	0.066219	427	0	505	620	901	638	919	938	480	935	90	199	143	200	52
1	0.266587	435	0	516	618	919	634	939	952	490	931	163	204
2	0.099643	438	0	514	627	924	639	943	958	490	942	172	196	197	205	34
1	0.099885	441	1	514	627	924	639	943	958	490	942	194	207
2	0.099894	444	1	514	627	924	639	943	958	490	942	193	211	172	206	26
1	0.266189	452	0	496	608	912	612	938	940	476	934	187	209
2	0.099573	455	0	493	597	909	610	933	928	472	928	178	203	200	182	32
1	0.100303	458	0	492	581	905	589	931	912	472	903	207	203
2	0.099948	460	0	491	576	907	583	926	908	472	903	208	202	257	204	48
1	0.299557	467	0	485	586	899	595	918	913	465	906	255	194
1	0.165834	475	0	503	589	910	603	930	917	480	919	77	217
2	0.066521	477	0	502	593	910	600	929	920	477	909	92	224	58	225	33
1	0.166939	482	0	501	585	909	596	929	913	476	902	55	226
2	0.066478	484	0	500	586	907	595	927	912	473	909	54	214	128	222	75
1	0.233129	491	0	492	584	900	593	920	912	466	907	144	218
2	0.099477	494	0	488	583	896	593	916	911	463	898	150	219	186	221	25
1	0.166286	499	0	477	586	886	597	906	916	454	915	192	209
2	0.066317	501	0	477	590	887	600	906	915	455	911	188	208	218	208	28
1	0.099883	504	0	477	590	887	599	906	919	451	906	225	216
2	0.10034	507	0	472	596	882	605	903	927	446	922	223	207	254	216	27
1	0.099395	510	0	472	601	883	615	902	932	446	927	250	209
2	0.066457	512	0	472	606	883	620	903	937	446	932	245	208	214	210	32
1	0.332884	522	0	471	610	883	619	904	942	447	930	220	210
2	0.066391	524	0	470	607	882	624	903	942	446	938	206	204	242	207	34
1	0.199666	530	0	466	610	878	619	900	943	440	939	247	207
2	0.099727	533	0	461	609	874	617	895	943	435	938	249	208	279	213	25
1	0.399317	536	0	461	616	873	631	893	945	435	932	277	205
2	0.066768	547	0	483	612	895	634	911	952	459	931	84	229	63	228	21
1	0.067181	549	0	483	612	899	629	911	952	458	945	66	215
2	0.065763	551	0	487	612	895	634	916	953	458	945	61	220	132	221	75
1	0.266459	559	0	487	613	898	630	910	952	454	938	138	221
2	0.06639	561	0	483	612	893	628	906	952	451	937	137	216	170	214	32
1	0.166437	566	0	478	614	888	630	900	953	450	938	170	213
2	0.066421	568	0	478	614	884	632	900	953	450	932	181	217	212	220	29
1	0.233209	575	0	472	613	878	633	895	954	444	936	210	219
2	0.066166	577	0	472	615	878	633	895	954	443	947	207	213	242	216	37
1	0.233115	584	0	467	615	877	633	894	957	442	940	246	217
2	0.066627	585	0	468	615	878	633	899	955	443	948	243	215	264	217	20
1	0.199993	591	0	472	615	877	632	899	955	444	938	271	221
2	0.06693	594	0	468	615	878	632	899	954	443	939	272	221	264	225	9
1	0.19883	599	0	468	615	878	633	898	950	444	940	262	220
2	0.066616	601	0	471	619	877	633	897	954	443	947	261	215	296	215	35
1	0.465818	605	0	469	616	879	638	899	953	445	937	289	216
1	0.532495	631	0	487	609	897	631	909	947	454	933	64	229
2	0.066499	633	0	487	608	897	624	910	946	457	926	64	233	90	234	24
1	0.232854	640	0	489	606	897	622	910	943	455	938	100	226
2	0.066723	642	0	488	605	897	622	910	943	455	930	102	230	151	233	49
1	0.134198	646	0	481	602	890	623	903	939	448	933	145	226
2	0.065695	648	0	481	602	890	621	903	939	448	925	146	229	175	226	30
1	0.232523	655	0	479	603	887	619	901	940	450	933	172	224
2	0.100016	658	0	478	602	886	619	900	940	449	932	168	227	215	226	34
1	0.232806	665	1	476	604	885	618	899	938	448	921	223	227
2	0.465971	668	0	474	598	884	614	897	936	446	927	223	228	242	226	22
2	0.099833	682	0	476	601	881	617	902	937	447	929	282	230	88	247	159
1	0.166802	687	0	479	597	888	614	905	934	451	927	80	251
2	0.066058	689	0	480	597	889	614	902	934	452	927	84	245	53	244	32
1	0.133065	693	0	476	597	889	614	903	936	448	920	63	245
2	0.10194	696	0	479	601	888	616	901	934	452	913	61	247	117	245	57
1	0.164292	701	0	480	597	889	618	902	934	452	927	109	238
2	0.066564	703	0	481	597	890	614	902	934	453	919	118	239	157	240	39
1	0.233597	710	0	481	601	890	617	904	935	453	921	158	239
2	0.067973	712	0	482	598	890	614	904	936	454	921	170	241	184	242	14
1	0.563629	715	0	477	598	890	614	903	935	453	927	188	236
2	0.066486	731	0	475	599	884	615	900	934	452	912	237	233	274	234	37
1	0.266273	739	0	480	596	889	612	901	934	452	918	273	235
2	0.066978	741	0	480	596	886	613	902	934	453	913	276	235	306	237	29
1	0.166256	746	0	481	596	890	613	903	932	453	926	293	230
2	0.066532	748	0	482	596	891	617	904	932	454	925	288	230	106	249	186
1	0.133528	752	0	484	595	892	611	905	937	455	917	88	256
2	0.066501	754	0	484	595	892	611	904	932	455	926	85	248	58	247	26
1	0.132431	758	0	483	596	892	612	905	933	450	919	69	251
2	0.100681	761	0	483	597	891	613	904	934	455	919	64	248	101	252	37
1	0.098939	764	0	483	597	891	614	904	934	451	920	113	252
2	0.100387	767	0	482	599	890	617	904	935	454	920	110	252	145	254	34
1	0.166814	772	0	482	598	890	614	904	935	454	928	158	248
2	0.066321	774	0	483	597	891	613	904	934	455	927	160	247	137	247	22
1	0.265396	782	0	483	596	892	612	904	934	451	927	141	247
2	0.100511	785	0	483	596	891	612	904	933	456	912	144	254	203	253	61
1	0.133022	789	0	483	595	891	612	904	932	449	918	203	251
2	0.066197	791	0	483	596	891	611	904	933	455	918	201	252	231	259	29
1	0.099623	794	0	483	597	891	614	905	935	451	920	235	249
2	0.099957	797	0	483	598	891	614	905	935	455	920	232	252	217	246	14
1	0.199608	803	0	483	596	891	612	904	933	455	919	219	252
2	0.067299	805	0	483	597	891	613	904	934	455	919	221	253	241	253	21
1	0.132412	809	0	483	596	891	612	904	933	455	919	243	255
2	0.066706	811	0	483	597	892	612	905	933	455	919	250	257	274	254	24
1	0.133014	815	0	484	597	892	613	905	934	452	919	276	258
2	0.099585	818	0	484	597	892	613	905	934	451	919	273	256	288	260	10
1	0.100088	821	0	485	597	890	614	906	934	453	913	300	264
2	0.066343	823	0	485	598	890	614	906	934	453	920	292	259	237	256	55
1	0.232946	830	0	485	596	890	611	906	932	453	918	242	258
2	0.066698	832	0	486	595	891	615	907	931	453	911	185	270	92	270	93
1	0.133612	836	0	487	593	895	609	908	929	455	909	91	274
2	0.065999	838	0	486	596	892	615	908	929	455	916	87	262	59	267	30
1	0.233775	845	0	487	586	895	613	909	927	456	908	62	274
2	0.065832	847	0	488	586	896	608	910	926	456	914	62	269	121	272	61
1	0.199449	853	0	490	587	897	614	911	934	459	908	119	269
2	0.066794	855	0	489	587	897	613	911	933	458	908	123	267	166	270	42
1	0.166591	860	0	490	586	898	612	912	926	458	914	162	268
2	0.066467	862	0	489	586	897	612	911	926	457	914	163	268	212	268	49
1	0.16606	867	0	488	587	896	612	911	926	457	907	215	272
2	0.066655	869	0	488	585	896	612	910	926	456	913	212	270	253	269	42
1	0.23302	876	0	489	587	897	613	911	927	458	908	249	272
2	0.066574	878	0	489	586	897	608	911	927	457	914	252	273	289	272	38
1	0.066611	880	0	490	587	897	613	911	927	459	908	288	274
2	0.066262	882	0	490	586	897	608	911	933	458	914	287	267	132	284	159
1	0.133364	886	0	494	587	902	606	916	930	463	906	87	288
2	0.066879	888	0	496	584	903	609	918	929	464	906	88	277	68	286	23
1	0.199285	894	0	495	587	903	612	918	930	465	907	63	280
2	0.066504	896	0	496	584	904	609	918	930	466	900	79	285	114	289	32
1	0.099664	899	0	496	585	903	609	918	930	465	907	120	282
2	0.099903	901	0	496	584	903	609	918	930	466	900	123	284	114	288	9
2	0.066421	904	0	496	585	903	610	918	931	465	901	127	286	173	286	47
1	0.39943	916	0	495	585	903	609	917	931	464	907	169	280
2	0.066427	918	0	495	585	902	611	917	930	464	901	172	283	206	283	32
1	0.099949	921	0	495	586	903	612	918	931	465	901	205	282
2	0.100739	924	0	495	585	902	609	917	931	465	900	205	284	236	284	26
1	0.098867	927	0	495	584	901	609	916	930	464	900	237	284
2	0.06656	929	0	495	584	901	609	916	930	464	900	242	286	217	284	24
1	0.133121	933	0	494	585	901	610	915	931	463	907	216	280
2	0.066698	935	0	493	586	900	611	915	931	462	906	222	276	245	276	20
1	0.300187	944	0	492	583	900	602	915	926	461	902	253	277
2	0.065929	946	0	491	585	899	609	914	927	460	902	251	270	233	274	18
2	0.066469	948	0	491	579	899	605	913	926	460	901	231	276	274	278	43
1	0.465721	952	0	491	579	899	605	913	926	459	901	273	277
1	0.100306	965	0	494	582	901	607	915	922	462	904	75	295
2	0.06605	967	0	494	584	901	604	915	923	463	899	90	300	131	297	41
1	0.133166	971	0	495	582	902	607	917	927	464	897	128	296
2	0.066474	973	0	495	581	903	606	917	926	465	897	132	297	103	296	30
1	0.432606	976	0	495	581	902	606	917	927	463	909	96	288
1	0.199701	992	0	496	585	903	609	918	930	464	912	190	286
2	0.066507	994	0	496	583	902	608	917	929	464	905	192	292	230	292	39
1	0.166481	999	0	496	585	904	610	918	929	465	905	223	291
2	0.133619	1002	0	495	582	903	607	917	927	463	910	220	289	244	290	13
2	0.065886	1005	0	497	583	904	607	919	928	465	904	245	288	144	311	108
1	0.466122	1010	0	497	584	904	609	919	926	467	896	119	315
1	0.166612	1024	0	498	579	906	604	921	925	468	895	166	309
2	0.066812	1026	0	498	579	906	603	917	924	467	901	169	302	138	301	31
1	0.099383	1029	0	497	580	906	609	921	923	467	900	133	300
2	0.132955	1033	0	497	578	906	603	921	924	466	901	133	299	210	303	55
1	0.199629	1039	0	496	578	904	602	919	923	466	893	213	308
2	0.06651	1041	0	498	576	905	603	920	917	466	898	204	309	249	311	45
1	0.133315	1045	0	502	575	911	596	925	916	470	903	243	309
2	0.06643	1047	0	499	578	908	594	921	913	471	900	246	309	226	308	21
1	0.166251	1052	0	495	573	905	594	917	909	467	894	222	308
2	0.09996	1054	0	489	570	903	592	916	908	464	900	224	305	197	306	28
2	0.066532	1057	0	487	570	902	592	914	901	463	891	194	307	243	309	50
1	0.19964	1063	0	486	570	895	587	912	901	461	890	247	309
2	0.066547	1065	0	486	571	896	593	912	902	462	891	245	308	225	308	19
1	0.066517	1067	0	487	566	897	592	917	908	463	892	227	309
2	0.066695	1069	0	488	571	897	593	913	909	463	893	234	305	258	306	25
1	0.19983	1075	0	490	575	904	592	917	910	467	894	258	304
2	0.43345	1078	0	492	572	907	592	919	909	469	894	256	308	288	306	29
2	0.065527	1090	0	507	568	916	593	930	907	479	889	77	324	55	328	23
1	0.100522	1093	0	507	571	916	597	930	909	474	897	59	326
2	0.098902	1096	0	507	571	915	596	929	909	479	891	57	328	124	329	70
1	0.133191	1100	0	507	568	917	594	930	908	479	890	119	327
2	0.133054	1104	0	508	567	917	594	931	907	477	890	118	329	99	326	19
1	0.099975	1107	0	508	568	917	593	931	907	480	890	97	324
2	0.099804	1110	0	507	567	917	593	930	907	479	890	98	321	147	321	39
1	0.166408	1115	0	508	569	917	594	931	915	480	890	150	323
2	0.100471	1118	0	508	571	916	596	931	916	480	891	154	323	175	327	26
1	0.199287	1124	0	507	568	916	594	931	915	479	891	177	330
2	0.067171	1126	0	507	568	916	595	931	914	475	896	178	327	240	332	65
1	0.098814	1129	0	505	575	915	597	929	907	474	895	234	330
2	0.066541	1131	0	505	568	914	593	928	913	473	894	238	329	213	328	25
1	0.233276	1138	0	504	565	912	591	927	905	476	887	204	333
2	0.066267	1140	0	503	565	912	591	926	905	470	893	202	328	189	331	14
1	0.099807	1143	0	503	570	913	595	926	905	472	886	182	330
2	0.066658	1145	0	503	568	912	594	926	906	471	887	184	330	225	333	42
1	0.33275	1155	0	503	567	912	591	925	906	471	886	243	334
2	0.099813	1158	0	502	565	912	591	925	905	474	893	251	329	278	327	23
1	0.133095	1162	0	503	565	911	590	926	905	471	893	280	328
2	0.066783	1164	0	505	565	914	590	928	903	474	892	191	342	64	351	135
1	0.199971	1170	0	509	566	918	595	932	909	482	880	66	356
2	0.099126	1172	0	510	568	919	593	933	910	478	887	71	344	84	330	20
1	0.19984	1178	0	511	565	921	592	935	910	480	888	81	329
2	0.066686	1180	0	512	565	922	594	937	911	482	889	83	325	69	330	14
1	0.232811	1187	0	513	565	927	590	938	911	482	889	63	332
2	0.099681	1190	0	514	565	928	589	935	911	483	889	63	331	126	334	55
1	0.233222	1197	0	513	566	922	591	937	911	482	889	126	333
2	0.066333	1199	0	513	567	926	592	933	912	482	890	130	332	168	335	40
1	0.19967	1205	0	512	566	920	592	934	910	479	894	178	333
2	0.066518	1207	0	512	567	920	592	934	911	480	888	192	337	223	338	30
1	0.100827	1210	0	512	570	920	596	934	912	481	889	223	337
2	0.098841	1213	0	512	568	920	593	934	911	481	889	227	337	243	335	18
1	0.133053	1217	0	510	566	918	593	932	910	479	887	262	336
2	0.066613	1219	0	510	565	918	592	932	911	478	893	261	331	286	333	25
1	0.066718	1221	0	509	568	917	594	931	910	477	886	288	335
2	0.099739	1224	0	509	564	917	584	932	907	478	890	289	334	88	346	130
1	0.300221	1233	0	510	564	919	593	933	907	479	884	79	348
2	0.066117	1235	0	510	567	918	589	933	907	479	890	72	340	108	343	37
1	0.16597	1240	0	511	565	919	587	934	907	479	884	113	345
2	0.099852	1243	0	512	561	919	587	935	905	480	883	112	345	155	346	35
1	0.133411	1247	0	510	564	918	586	934	904	479	881	159	346
2	0.066271	1249	0	511	558	919	585	934	904	479	881	158	344	122	345	36
1	0.199685	1255	0	507	567	916	589	930	899	476	888	126	339
2	0.099883	1258	0	506	565	912	588	929	902	478	884	125	347	196	351	78
1	0.133115	1262	0	505	567	914	589	928	902	473	890	199	344
2	0.066447	1264	0	505	569	915	591	929	902	478	883	200	347	167	345	33
1	0.099842	1267	0	504	566	914	582	928	901	473	889	174	344
2	0.066549	1269	0	504	566	913	582	927	902	477	883	173	349	209	352	35
1	0.199637	1275	0	503	566	913	582	927	901	475	889	233	350
2	0.067167	1277	0	503	566	910	587	927	902	476	882	226	351	208	349	17
1	0.199049	1283	0	505	569	914	585	927	905	477	886	209	346
2	0.067184	1285	0	504	572	911	593	927	905	476	886	210	349	254	351	43
1	0.298811	1294	0	504	565	913	591	927	905	476	892	259	348
2	0.06681	1296	0	505	569	914	586	928	905	477	893	266	348	287	347	22
1	0.06639	1298	0	504	567	912	593	928	904	476	892	285	350
2	0.067058	1300	0	505	566	915	591	929	904	477	892	289	351	172	361	119
1	0.199122	1306	0	512	565	921	582	935	906	480	883	80	363
2	0.133536	1310	0	511	566	920	583	935	902	480	884	80	363	59	358	26
1	0.099426	1313	0	511	565	920	587	934	906	479	889	59	354
2	0.066566	1315	0	511	565	920	590	935	900	480	888	83	360	125	361	46
1	0.266416	1323	0	511	555	920	577	935	902	479	878	131	367
2	0.066388	1325	0	510	555	919	576	934	894	479	877	129	363	175	365	49
1	0.167192	1330	0	509	552	919	579	933	891	478	874	171	363
2	0.066228	1332	0	510	554	919	579	934	899	478	881	171	357	221	357	53
1	0.232317	1339	0	507	555	917	577	931	890	480	872	218	363
2	0.066824	1341	0	508	554	918	576	932	889	476	878	217	361	252	363	37
1	0.133001	1345	0	507	552	917	577	931	890	480	872	250	360
2	0.099733	1348	0	507	552	917	577	931	890	477	871	255	363	286	364	34
1	0.465864	1352	0	508	556	918	573	933	896	476	879	284	358
1	0.099908	1365	0	515	552	924	572	939	896	482	873	77	378
2	0.066457	1367	0	515	552	925	577	936	895	483	873	74	368	137	377	66
1	0.067481	1369	0	515	552	925	577	940	896	483	873	126	376
2	0.06552	1371	0	515	551	925	575	936	895	483	873	128	376	128	356	22
1	0.06704	1373	0	516	550	929	574	937	894	485	872	127	378
2	0.099809	1376	0	515	553	926	577	942	896	485	873	127	375	103	375	29
1	0.165983	1381	0	516	552	925	576	936	895	485	873	102	373
2	0.066584	1383	0	515	551	924	575	935	895	483	873	110	376	142	378	30
1	0.100675	1386	0	514	555	924	580	939	896	483	873	140	378
2	0.065736	1388	0	515	555	924	580	935	897	484	875	143	375	174	376	30
1	0.099992	1391	0	514	553	922	579	938	897	482	875	172	378
2	0.099685	1394	0	512	552	921	577	937	897	480	874	171	378	211	382	32
1	0.099841	1397	0	513	553	922	577	937	896	482	867	214	385
2	0.066925	1399	0	513	552	922	577	937	896	481	874	217	382	189	382	28
1	0.099415	1402	0	513	551	921	576	937	895	481	872	192	381
2	0.066453	1404	0	512	552	920	577	931	895	480	872	196	376	267	383	72
1	0.10068	1407	0	510	553	919	580	934	894	479	871	267	382
2	0.099023	1410	0	511	550	920	575	934	894	480	871	272	384	243	379	24
1	0.133238	1414	0	509	552	919	574	933	892	478	869	247	381
2	0.13292	1418	0	507	552	916	574	931	891	476	867	249	381	212	383	21
1	0.133194	1422	0	505	553	914	569	929	894	475	869	218	380
2	0.067382	1424	0	505	551	914	576	928	887	473	876	210	378	270	381	61
1	0.165748	1429	0	503	552	912	571	926	886	471	875	272	381
2	0.09963	1432	0	503	552	912	573	926	886	471	867	275	377	301	385	29
1	0.099953	1435	0	504	547	912	572	926	886	471	868	298	385
2	0.06651	1437	0	503	552	912	573	927	887	475	875	310	353	337	128	219
1	0.09977	1440	0	502	553	912	569	926	888	471	869	350	116
2	0.099784	1443	0	503	553	912	574	926	888	471	876	345	104	312	113	15
1	0.200385	1449	0	502	552	911	575	925	888	475	865	318	112
2	0.066178	1451	0	502	552	911	576	925	889	471	870	326	112	359	116	32
1	0.166047	1456	0	500	552	909	577	923	890	472	877	359	114
2	0.067094	1458	0	499	554	909	575	922	889	472	869	361	113	386	114	22
1	0.099349	1461	0	500	553	910	574	923	888	472	876	391	115
2	0.066962	1463	0	499	551	909	574	923	888	471	876	391	115	342	118	46
1	0.13265	1467	0	498	553	908	574	921	888	471	868	349	120
2	0.465861	1470	0	497	554	907	575	921	889	469	875	350	118	325	115	21
1	0.133234	1485	0	494	557	903	575	916	893	466	872	362	113
2	0.066479	1487	0	493	557	902	575	915	893	465	878	358	116	380	117	20
1	0.066709	1489	0	490	557	900	574	912	892	462	871	382	121
2	0.066431	1491	0	483	556	894	572	910	893	459	877	388	122	308	122	76
1	0.465852	1505	0	460	558	873	573	886	888	434	884	338	115
2	0.067336	1507	0	458	557	872	575	884	888	433	884	343	118	385	125	41
1	0.099186	1510	0	457	558	870	576	882	889	432	885	386	124
2	0.100151	1513	0	456	559	865	577	881	888	431	877	392	122	438	124	39
1	0.299218	1522	0	455	557	869	569	881	887	430	884	440	129
2	0.066296	1524	0	455	557	865	574	881	887	431	877	446	124	424	124	20
1	0.299684	1533	0	453	561	864	579	880	890	429	880	470	121
2	0.066314	1535	0	453	559	863	577	879	892	428	888	482	125	502	123	17
1	0.16693	1540	0	451	560	860	577	876	890	425	887	517	125
2	0.066062	1542	0	451	558	861	577	877	891	425	887	513	124	546	127	31
1	0.066559	1544	0	452	558	862	576	878	891	427	888	545	126
2	0.067037	1546	0	453	559	863	576	879	890	429	879	538	129	341	141	189
1	0.165965	1551	0	455	557	865	576	881	889	430	886	323	137
2	0.06641	1553	0	456	559	866	577	882	890	431	879	329	127	317	131	10
1	0.099866	1556	0	456	563	870	580	882	895	431	886	308	122
2	0.09976	1559	0	455	566	866	581	882	892	431	887	309	119	363	123	51
1	0.133872	1563	0	455	561	865	572	881	891	430	888	365	131
2	0.065881	1565	0	454	561	864	575	880	892	429	887	357	130	377	130	19
1	0.099829	1568	0	454	561	864	578	884	892	429	887	385	129
2	0.066567	1570	0	453	561	864	577	880	890	430	879	381	125	414	130	32
1	0.166392	1575	0	451	563	862	577	882	891	428	878	436	132
2	0.067096	1577	0	451	563	862	577	882	891	427	887	439	127	419	133	18
1	0.165813	1582	0	450	562	861	571	881	891	427	878	414	134
2	0.066522	1584	0	450	557	859	575	875	889	424	885	409	129	453	130	41
1	0.232859	1591	0	447	562	858	576	878	890	422	885	468	134
2	0.066835	1593	0	446	562	856	573	876	890	419	890	468	140	512	145	41
1	0.066293	1595	0	446	561	856	575	876	889	420	884	509	144
2	0.066765	1597	0	445	561	856	575	876	889	420	884	509	144	542	144	31
1	0.166249	1602	0	445	562	856	573	877	887	420	882	535	145
2	0.066537	1604	0	447	557	857	573	878	887	421	882	442	154	332	161	108
1	0.299827	1613	0	450	554	860	573	876	887	425	883	329	154
2	0.066563	1615	0	449	561	860	578	876	888	425	884	323	142	400	150	75
1	0.265954	1623	0	448	562	859	581	875	891	424	880	393	146
2	0.066504	1625	0	449	559	863	576	875	890	425	879	378	148	449	152	68
1	0.232937	1632	0	450	560	863	579	875	892	425	889	441	146
2	0.066489	1634	0	450	565	860	581	877	897	426	890	447	145	498	145	50
1	0.199697	1640	0	454	566	863	582	876	893	426	890	493	142
2	0.067486	1642	0	450	563	863	574	876	893	426	890	496	153	537	152	38
1	0.232384	1649	0	455	563	865	582	877	893	427	883	524	146
2	0.066265	1651	0	452	561	865	574	877	893	427	890	486	153	340	168	144
1	0.133063	1655	0	453	561	864	578	880	892	429	890	335	162
2	0.066443	1657	0	453	561	864	578	880	892	429	890	335	156	316	154	18
1	0.266327	1665	0	457	563	863	579	879	893	429	890	317	150
2	0.066763	1667	0	456	561	865	579	878	892	428	889	314	149	361	149	46
1	0.167233	1672	0	450	562	860	580	876	892	426	889	368	149
2	0.098717	1675	0	450	562	860	581	876	894	426	890	365	149	353	146	15
1	0.06676	1677	0	450	567	860	584	876	894	426	890	354	144
2	0.066898	1679	0	449	565	859	584	875	894	425	883	353	146	401	150	45
1	0.332468	1689	0	450	560	859	578	875	893	425	889	397	154
2	0.066971	1691	0	449	563	863	582	875	893	425	889	392	149	350	150	41
1	0.265398	1699	0	451	561	860	579	876	892	426	889	356	150
2	0.066765	1701	0	449	562	863	574	875	892	425	889	358	150	438	160	78
1	0.300337	1710	0	449	563	859	582	875	894	425	891	429	150
2	0.06614	1712	0	449	562	859	580	875	894	425	883	433	153	484	161	50
1	0.165992	1717	0	448	562	858	579	874	894	424	890	480	158
2	0.066468	1719	0	447	564	861	581	873	894	423	890	478	158	492	160	13
1	0.133527	1723	0	447	565	861	585	873	894	424	891	503	156
2	0.066483	1725	0	448	562	857	580	873	894	424	883	507	161	526	165	19
1	0.16593	1730	0	447	567	857	581	873	894	423	891	538	161
2	0.432742	1732	0	448	565	861	583	874	895	424	892	448	166	310	174	132
1	0.299474	1752	0	447	563	857	582	873	895	422	892	393	158
2	0.066423	1753	0	447	563	857	576	873	895	422	892	401	158	448	163	44
1	0.166254	1758	0	446	566	855	578	871	896	421	892	445	164
2	0.066876	1760	0	446	569	855	583	871	897	421	892	448	160	486	162	37
1	0.23276	1767	0	445	566	854	582	870	896	420	884	476	164
2	0.100342	1770	0	445	564	854	582	870	896	420	884	472	165	490	166	9
1	0.232514	1777	0	444	566	853	582	869	896	418	897	513	164
2	0.06644	1779	0	443	568	853	582	873	896	418	891	516	167	499	166	17
1	0.233044	1786	0	443	567	852	583	872	897	417	897	501	164
2	0.066513	1788	0	443	568	851	584	872	898	417	893	501	163	520	168	19
1	0.066773	1790	0	442	571	851	579	872	899	417	893	522	171
2	0.066213	1792	0	442	570	850	584	871	899	416	893	515	167	418	181	95
1	0.100855	1795	0	443	570	851	584	871	897	417	893	375	186
2	0.132736	1799	0	443	570	852	584	872	897	417	893	373	181	325	178	47
1	0.199075	1805	0	440	569	850	583	870	897	414	892	338	177
2	0.100705	1808	0	439	568	848	581	869	899	413	892	355	180	378	178	15
1	0.098961	1811	0	438	571	847	582	867	898	412	892	379	175
2	0.066639	1813	0	437	570	846	583	867	899	412	893	373	174	415	175	39
1	0.199553	1819	0	437	569	846	579	865	898	411	892	416	178
2	0.066635	1821	0	437	569	846	583	866	897	411	891	424	174	464	176	37
1	0.16649	1826	0	441	567	850	575	870	895	416	890	466	181
2	0.066431	1828	0	442	567	852	574	872	896	417	890	465	179	509	185	43
1	0.233211	1835	0	446	571	855	585	875	895	421	891	503	175
2	0.099533	1838	0	447	568	857	582	877	896	422	891	505	176	536	178	31
1	0.166328	1843	0	448	569	857	583	877	897	422	898	534	175
2	0.067398	1845	0	449	567	858	577	878	897	424	885	524	183	348	195	173
1	0.199072	1851	0	451	565	861	582	881	895	426	884	336	187
2	0.066465	1853	0	451	568	861	577	881	895	425	892	336	186	315	185	20
1	0.099707	1856	0	450	562	860	574	876	895	425	891	317	184
2	0.100081	1859	0	449	562	859	581	876	899	425	888	315	180	383	187	75
1	0.13286	1863	0	445	568	855	582	875	895	421	891	389	185
2	0.066633	1865	0	445	571	855	585	876	896	421	891	387	181	375	179	11
1	0.132984	1869	0	445	567	855	581	875	895	420	890	369	180
2	0.066489	1871	0	444	566	854	580	874	894	419	895	369	183	415	183	42
1	0.266237	1879	0	442	561	852	573	872	895	416	894	418	189
2	0.066506	1881	0	441	566	851	580	871	894	416	888	419	183	454	188	34
1	0.100612	1884	0	441	566	851	575	872	894	416	889	453	192
2	0.099246	1887	0	440	566	850	580	870	895	415	889	456	187	495	191	38
1	0.166321	1892	0	440	568	850	582	870	896	415	890	494	189
2	0.066433	1894	0	440	568	850	582	870	896	414	891	496	190	517	190	20
1	0.133166	1898	0	440	568	850	577	870	897	414	891	535	196
2	0.099869	1901	0	440	571	850	585	870	896	415	890	539	188	367	200	163
1	0.233727	1908	0	441	570	850	584	870	897	415	898	329	196
2	0.098962	1910	0	440	573	850	587	870	897	415	892	325	195	311	192	15
2	0.066632	1913	0	441	573	851	587	871	897	416	892	305	192	358	195	51
1	0.166335	1918	0	440	569	850	583	870	897	414	892	363	198
2	0.066605	1920	0	440	569	850	583	870	897	414	892	361	198	382	200	19
1	0.200497	1926	0	440	569	850	583	871	899	415	885	406	200
2	0.065668	1928	0	440	569	849	583	870	899	414	892	407	197	423	200	18
1	0.167196	1933	0	440	575	850	579	870	901	416	887	445	199
2	0.065722	1935	0	441	573	850	580	870	902	415	901	440	195	414	193	26
1	0.133814	1939	0	439	575	850	583	870	899	414	899	417	192
2	0.065954	1941	0	441	570	851	584	871	900	415	893	415	192	440	194	25
1	0.19961	1947	0	441	571	850	577	871	899	415	894	443	200
2	0.066661	1949	0	439	575	850	584	870	900	414	894	443	197	481	201	36
1	0.299328	1958	0	441	577	852	591	871	902	416	896	476	193
2	0.1005	1961	0	443	574	851	583	872	902	416	902	478	201	507	202	28
1	0.099519	1964	0	443	569	851	579	872	901	417	896	507	205
2	0.066105	1966	0	442	570	850	587	871	902	417	888	510	198	539	198	29
1	0.199905	1972	0	441	571	850	582	871	900	416	894	538	201
2	0.09993	1975	0	441	571	850	579	871	898	415	894	542	207	343	222	177
1	0.132932	1979	0	442	574	851	581	872	899	416	894	339	218
2	0.066411	1981	0	442	575	851	579	872	898	418	886	348	219	327	219	19
1	0.20022	1987	0	442	567	850	585	870	897	416	893	319	214
2	0.099353	1990	0	442	571	850	583	871	900	416	893	321	208	373	210	51
1	0.134049	1994	0	440	575	849	585	870	901	415	894	375	208
2	0.099897	1997	0	438	575	848	579	869	899	413	893	390	213	406	211	15
1	0.098868	2000	0	440	571	849	580	869	901	415	887	405	212
2	0.066445	2002	0	440	571	849	579	869	900	414	894	403	212	445	212	41
1	0.233056	2009	0	438	575	847	581	868	900	413	894	448	209
2	0.099941	2012	0	439	571	847	579	868	899	413	894	449	210	485	216	39
1	0.16637	2017	0	438	567	847	580	867	901	412	894	485	216
2	0.066374	2019	0	437	576	846	583	867	900	412	895	487	216	466	212	20
1	0.13319	2023	0	436	575	846	590	866	902	411	894	466	203
2	0.066618	2025	0	436	574	845	583	865	895	410	894	465	210	443	209	22
1	0.133276	2029	0	437	571	846	579	865	894	410	894	447	212
2	0.06614	2031	0	436	574	845	584	865	894	410	899	445	208	514	217	68
1	0.233091	2038	0	435	570	845	579	864	894	409	892	514	220
2	0.066735	2040	0	436	570	845	582	864	894	410	893	515	220	536	222	19
1	0.199406	2046	0	436	570	845	581	866	900	410	893	539	221
2	0.067315	2048	0	437	571	845	583	866	899	410	899	451	223	351	235	96
1	0.432403	2052	0	437	571	846	579	866	901	411	899	353	230
1	0.232522	2068	0	437	568	847	579	866	897	412	890	384	224
2	0.06636	2070	0	437	569	847	580	866	891	411	891	375	220	403	222	27
1	0.232997	2077	0	437	569	845	577	865	891	410	891	407	226
2	0.099804	2080	0	435	572	844	582	864	897	409	891	418	221	432	218	11
1	0.199827	2086	0	435	567	844	579	864	896	410	890	433	224
2	0.066458	2088	0	435	567	844	575	864	896	410	889	433	225	395	227	37
1	0.598872	2106	0	434	569	842	581	862	897	408	897	395	212
2	0.100328	2109	0	434	572	843	583	862	898	407	897	404	210	378	214	15
1	0.199235	2115	0	435	568	844	573	864	898	408	891	360	221
2	0.066428	2117	0	435	571	844	586	864	898	408	890	355	214	323	214	31
1	0.366327	2128	0	435	572	844	584	864	898	409	891	329	212
2	0.099542	2131	0	435	569	844	580	864	896	409	891	341	218	363	213	26
1	0.101092	2134	0	435	570	844	582	864	898	409	892	366	210
2	0.098824	2137	0	434	569	843	582	863	897	408	892	407	214	452	212	45
1	0.232617	2144	0	434	566	844	577	864	896	408	894	453	217
2	0.067148	2146	0	434	566	844	575	864	889	409	888	461	221	436	218	22
1	0.165914	2151	0	434	566	844	573	863	895	408	888	436	217
2	0.099924	2154	0	434	567	843	576	863	890	408	889	433	221	477	222	25
1	0.099673	2157	0	434	567	843	579	863	890	408	889	478	218
2	0.066743	2159	0	434	570	843	585	863	890	408	888	477	210	495	212	18
1	0.232841	2166	0	434	567	843	582	863	896	409	889	514	212
2	0.066663	2168	0	434	567	843	575	863	896	409	882	518	219	511	200	19
1	0.365789	2170	0	434	567	842	575	862	896	407	895	493	189
1	0.266425	2187	0	431	561	841	575	861	892	406	886	470	201
2	0.066488	2189	0	431	563	841	578	861	893	406	886	477	196	369	238	111
1	0.166223	2194	0	432	564	842	575	862	887	406	892	363	243
2	0.066678	2196	0	431	565	841	580	861	894	407	888	364	237	344	233	19
1	0.166367	2201	0	431	565	841	573	861	894	407	888	333	227
2	0.066887	2203	0	431	565	841	573	861	895	405	893	328	223	402	230	72
1	0.199404	2209	0	434	566	843	575	859	896	408	895	403	228
2	0.066725	2211	0	433	570	843	585	864	895	409	889	404	229	423	228	17
1	0.166095	2216	0	434	566	843	581	859	896	408	890	425	228
2	0.066578	2218	0	434	569	843	586	859	897	409	892	424	226	452	225	28
1	0.133246	2222	0	432	568	842	577	858	895	407	890	454	231
2	0.066446	2224	0	432	563	841	577	857	896	407	891	436	233	406	232	28
1	0.232837	2231	0	416	572	825	586	846	892	391	890	412	228
2	0.067152	2233	0	408	565	818	577	834	891	383	888	429	236	449	232	19
1	0.232342	2240	0	403	567	812	575	832	890	377	888	458	237
2	0.066742	2242	0	403	565	812	577	828	895	378	888	461	230	500	234	37
1	0.23278	2249	0	404	566	813	584	829	889	379	888	492	233
2	0.100035	2252	0	405	564	814	583	830	894	381	887	495	229	526	231	31
1	0.099648	2255	0	406	561	818	580	831	894	382	887	523	233
2	0.066492	2257	0	406	563	815	579	831	891	382	886	523	237	549	232	23
1	0.067506	2259	0	405	564	815	579	831	892	381	886	546	229
2	0.06605	2261	0	406	561	815	576	831	889	382	883	542	233	374	247	169
1	0.265838	2269	0	409	552	818	564	835	884	384	878	336	251
2	0.099925	2272	0	407	553	816	572	832	876	383	875	336	247	379	244	38
1	0.199695	2278	0	405	551	814	560	830	878	380	873	386	246
2	0.066368	2280	0	404	551	813	566	829	874	378	872	401	244	425	247	23
1	0.100337	2283	0	404	550	812	559	828	875	379	872	419	251
2	0.066816	2285	0	403	556	811	571	827	875	378	872	420	245	399	245	21
1	0.265466	2293	0	403	553	812	559	828	876	378	874	394	246
2	0.066822	2295	0	403	557	812	568	828	880	379	874	400	241	461	243	59
1	0.23274	2302	0	404	556	813	571	829	875	379	873	454	241
2	0.09979	2305	0	404	553	813	560	829	876	380	874	459	249	473	252	17
1	0.066493	2307	0	404	556	813	571	829	875	379	873	473	244
2	0.06736	2309	0	404	548	813	561	830	882	379	874	474	246	453	238	22
1	0.132468	2313	0	403	557	813	572	829	880	379	875	437	230
2	0.100244	2316	0	403	552	812	568	828	877	378	874	436	229	426	236	15
1	0.433209	2329	0	403	554	811	556	827	878	377	875	421	248
2	0.065505	2331	0	403	553	811	564	827	881	377	881	420	246	338	248	82
1	0.199791	2337	0	404	555	812	562	829	883	378	876	347	250
2	0.066775	2339	0	404	555	813	567	830	883	379	876	345	248	329	247	16
1	0.066098	2340	0	403	559	813	574	828	879	379	876	327	244
2	0.066496	2342	0	403	557	812	555	828	879	378	877	337	253	436	253	97
1	0.133195	2346	0	402	557	811	558	827	880	377	878	430	246
2	0.066676	2348	0	403	556	811	564	832	885	378	877	418	241	403	247	16
1	0.066754	2350	0	403	554	812	571	828	878	378	876	397	245
2	0.066459	2352	0	402	558	812	570	829	882	378	876	397	240	486	250	89
1	0.166107	2357	0	401	553	810	568	826	876	376	874	489	256
2	0.100028	2360	0	401	554	810	562	826	877	377	875	498	264	470	261	19
1	0.199488	2366	0	400	549	808	560	829	876	375	873	458	261
2	0.06653	2368	0	400	553	808	567	824	875	375	873	458	256	501	259	40
1	0.233495	2375	0	399	557	813	572	824	876	375	874	519	252
2	0.132504	2379	0	401	549	810	560	826	876	376	874	526	260	549	262	15
1	0.200085	2385	0	403	552	816	571	829	882	379	874	546	249
2	0.066227	2387	0	403	553	816	571	828	875	379	874	543	256	394	273	147
1	0.133229	2391	0	406	553	819	571	831	880	381	876	341	269
2	0.066525	2393	0	411	550	820	568	833	880	382	876	336	268	321	267	14
1	0.133052	2397	0	411	551	820	568	833	882	382	876	321	264
2	0.099892	2400	0	409	557	817	564	831	887	381	877	328	258	362	260	30
1	0.266554	2408	0	404	554	817	571	830	884	379	878	356	259
2	0.06614	2410	0	404	553	817	571	829	883	379	878	372	261	406	262	35
1	0.166274	2415	0	403	552	815	564	829	884	378	877	413	262
2	0.066661	2417	0	403	551	816	569	829	882	378	876	401	258	380	259	21
1	0.099679	2420	0	404	550	817	568	830	882	380	875	378	261
2	0.101072	2423	0	408	555	817	562	830	880	381	875	384	263	403	264	18
1	0.098742	2426	0	404	551	817	568	830	882	380	875	397	260
2	0.100583	2429	0	404	552	816	563	830	881	380	868	406	265	426	269	23
1	0.16633	2434	0	408	556	817	571	830	883	380	877	430	264
2	0.066687	2436	0	405	556	817	574	830	883	380	878	430	262	456	260	24
1	0.09923	2439	0	403	557	815	575	828	884	378	878	462	260
2	0.132718	2443	0	404	555	816	573	829	883	379	877	458	260	438	258	12
1	0.100062	2446	0	403	553	816	570	829	883	378	876	439	258
2	0.066409	2448	0	402	555	810	570	826	881	378	875	445	262	475	265	27
1	0.199625	2454	0	400	554	813	569	825	881	376	875	485	264
2	0.066991	2456	0	400	552	813	570	826	882	376	875	480	260	505	264	24
1	0.265938	2464	0	400	553	808	563	824	876	375	874	525	275
2	0.099751	2467	0	400	554	811	562	824	880	374	875	522	272	548	273	20
1	0.200167	2473	0	399	554	808	562	824	877	374	875	546	274
2	0.066045	2475	0	399	558	813	573	826	884	375	876	536	260	357	278	178
1	0.133271	2479	0	401	558	815	573	828	882	377	876	344	272
2	0.099548	2482	0	403	555	816	573	828	882	378	876	337	269	324	272	18
1	0.099972	2485	0	406	556	815	573	827	881	378	876	323	272
2	0.06664	2487	0	403	551	816	570	829	883	378	876	339	272	383	272	44
1	0.199956	2493	0	402	552	814	569	827	882	377	875	384	273
2	0.066053	2495	0	402	551	814	559	828	884	377	876	379	275	357	274	22
1	0.133429	2499	0	402	555	815	575	827	884	377	878	353	268
2	0.06682	2501	0	402	553	815	572	827	884	377	878	350	268	410	269	59
1	0.199116	2507	0	399	558	809	569	825	878	375	876	429	273
2	0.066663	2509	0	400	552	809	562	825	881	376	875	432	277	467	277	34
1	0.199517	2515	0	399	551	808	568	824	877	373	875	468	278
2	0.066554	2517	0	400	554	812	562	824	880	374	875	469	277	502	278	33
1	0.266339	2525	0	399	554	808	563	824	876	375	874	501	283
2	0.0664	2527	0	399	553	808	562	824	880	374	875	500	281	537	284	36
1	0.133137	2531	0	399	555	808	569	824	877	374	876	532	278
2	0.166486	2535	0	400	551	808	561	824	876	375	874	535	287	499	284	12
1	0.299397	2545	0	400	555	814	570	826	881	376	866	489	274
2	0.066744	2547	0	400	550	814	569	826	878	376	873	492	276	428	268	62
1	0.132763	2551	0	402	547	814	559	827	879	377	872	433	269
2	0.066638	2553	0	407	550	821	569	833	878	383	872	426	264	398	264	27
1	0.166439	2558	0	411	546	819	565	832	876	383	872	391	267
2	0.099803	2560	0	411	547	819	565	833	876	383	864	396	268	413	261	17
2	0.066659	2563	0	414	546	823	559	836	876	386	872	400	264	372	273	28
1	0.299487	2572	0	413	545	822	567	837	880	385	871	439	269
2	0.066921	2574	0	412	546	821	565	834	876	381	872	458	271	498	272	38
1	0.132995	2578	0	412	549	821	566	834	877	384	865	500	272
2	0.066178	2580	0	412	547	820	564	834	878	384	873	497	272	528	274	31
1	0.167184	2585	0	412	548	817	560	833	879	384	874	527	275
2	0.132834	2589	0	413	546	822	559	835	876	385	872	522	272	549	281	22
1	0.099343	2592	0	414	547	822	559	836	877	386	872	549	281
2	0.066385	2594	0	410	549	824	566	836	877	386	872	529	277	490	286	37
1	0.133352	2598	0	415	548	824	566	836	879	387	874	497	288
2	0.066767	2600	0	415	548	824	566	837	880	387	875	489	288	524	288	34
1	0.165957	2605	0	414	556	823	572	836	882	386	878	528	282
2	0.06665	2607	0	415	552	823	570	836	882	386	878	532	284	552	284	19
1	0.066549	2609	0	414	556	823	566	836	882	386	878	549	285
2	0.100251	2612	0	414	555	824	569	837	881	386	876	549	282	345	298	171
1	0.132615	2616	0	416	548	824	565	838	878	384	873	344	303
2	0.066597	2618	0	416	548	825	567	837	878	388	866	340	303	314	297	26
1	0.133235	2622	0	416	553	824	571	838	880	388	867	320	293
2	0.066466	2624	0	415	550	824	567	837	880	386	876	317	286	372	286	54
1	0.598962	2631	0	414	550	823	567	835	879	386	874	372	284
1	0.099841	2645	0	407	550	820	570	832	879	383	866	430	272
2	0.099919	2648	0	406	550	819	568	831	880	382	867	435	275	450	271	14
1	0.100229	2651	0	405	552	818	570	830	879	381	874	448	268
2	0.066071	2653	0	405	553	818	570	831	880	381	874	454	266	469	266	14
1	0.233109	2660	0	409	549	817	562	831	881	381	875	473	273
2	0.09983	2663	0	408	555	817	572	830	883	380	877	480	269	521	276	37
1	0.266164	2671	0	405	553	817	564	831	884	380	878	524	276
2	0.133114	2675	0	410	556	819	574	832	883	382	877	525	276	545	277	13
1	0.099964	2678	0	406	551	820	569	833	882	382	877	544	279
2	0.066169	2680	0	407	554	820	572	833	883	382	877	528	280	341	294	185
1	0.199826	2686	0	411	555	818	562	835	881	383	876	335	298
2	0.09972	2689	0	413	553	822	571	835	881	384	876	324	290	375	294	38
1	0.133238	2693	0	409	551	822	569	835	882	384	877	377	292
2	0.066448	2695	0	413	553	822	569	835	883	384	877	392	290	412	291	19
1	0.133265	2699	0	409	552	822	568	835	881	384	877	411	288
2	0.066482	2701	0	414	551	823	569	836	881	385	876	411	290	397	288	13
1	0.266784	2709	0	407	550	816	562	833	882	382	876	436	291
2	0.066066	2711	0	408	555	821	574	834	882	383	877	439	287	413	287	25
1	0.099719	2714	0	409	557	818	563	832	881	381	876	425	292
2	0.066636	2716	0	405	558	819	573	832	881	381	876	425	286	470	288	43
1	0.167001	2721	0	406	554	819	569	832	882	381	876	469	292
2	0.099345	2724	0	406	555	819	573	832	881	381	876	465	290	489	291	16
1	0.166101	2729	0	406	549	815	562	832	881	382	875	494	298
2	0.066607	2731	0	411	549	820	568	833	881	383	875	496	294	522	297	26
1	0.29975	2740	0	410	557	820	571	833	880	383	874	524	297
2	0.066146	2742	0	411	551	820	569	833	879	383	874	437	310	346	313	90
1	0.13318	2746	0	407	548	817	560	833	879	383	874	350	314
2	0.099861	2749	0	411	549	821	567	833	879	383	874	342	306	318	308	21
1	0.133055	2753	0	406	552	820	570	832	879	382	875	321	302
2	0.066587	2755	0	404	549	817	566	830	879	380	866	328	306	398	309	70
1	0.133142	2759	0	404	546	818	565	831	879	380	865	389	304
2	0.06662	2761	0	404	547	817	566	830	878	380	873	388	302	370	298	17
1	0.06649	2763	0	404	548	817	559	830	878	379	872	380	304
2	0.066486	2765	0	404	548	814	565	830	878	380	873	401	305	426	302	25
1	0.332782	2775	0	405	549	818	559	831	878	380	873	428	304
2	0.066879	2777	0	404	548	818	565	831	878	380	872	424	304	458	305	33
1	0.132902	2781	0	402	549	813	558	830	881	378	873	461	306
2	0.066365	2783	0	403	550	813	558	829	878	378	872	466	307	501	311	33
1	0.233541	2790	0	402	551	816	566	828	878	377	873	497	307
2	0.099217	2793	0	403	552	813	567	829	880	378	867	505	311	537	312	36
1	0.166425	2798	0	404	550	814	569	830	874	379	873	530	316
2	0.066781	2800	0	404	547	814	559	830	879	380	873	446	326	344	333	103
1	0.199554	2806	0	408	547	821	565	834	879	384	874	330	325
2	0.067432	2808	0	412	548	822	566	834	878	384	870	330	324	314	320	15
2	0.099149	2811	0	408	548	823	566	835	877	384	872	317	319	379	317	65
1	0.132771	2815	0	408	548	822	565	835	876	384	872	379	319
2	0.099936	2818	0	412	548	821	558	835	876	384	871	381	320	420	320	25
1	0.099606	2821	0	412	545	823	567	835	876	384	871	415	317
2	0.067003	2823	0	408	545	822	563	835	876	384	864	416	317	357	319	57
1	0.16648	2828	0	411	544	818	556	834	875	383	871	364	317
2	0.100346	2831	0	411	550	821	568	833	876	383	872	357	310	438	318	75
1	0.232026	2838	0	405	547	816	558	832	877	381	872	441	323
2	0.066642	2840	0	410	547	816	568	832	879	382	865	441	322	466	320	25
1	0.099744	2843	0	406	547	819	565	833	878	382	866	461	319
2	0.06654	2845	0	410	553	820	567	832	879	382	874	465	316	513	322	47
1	0.167052	2850	0	406	550	820	569	833	880	382	874	506	317
2	0.066082	2852	0	406	552	820	567	833	881	382	875	506	317	528	320	20
1	0.099714	2855	0	406	550	816	561	833	880	382	875	546	325
2	0.066378	2857	0	407	549	821	568	833	882	383	875	540	321	368	336	173
1	0.133395	2861	0	407	549	821	568	834	883	382	882	342	330
2	0.066447	2863	0	407	552	816	567	833	881	382	874	351	329	325	329	26
1	0.099862	2866	0	407	552	821	567	834	881	383	874	325	328
2	0.100039	2869	0	407	551	821	566	834	880	383	874	325	328	400	331	71
1	0.199486	2875	0	407	556	821	571	832	876	383	875	398	330
2	0.099637	2878	0	407	552	820	568	833	880	383	875	397	324	422	328	24
1	0.39942	2880	0	406	553	820	572	832	881	382	875	420	324
1	0.133136	2893	0	403	560	812	575	828	883	378	880	394	318
2	0.066456	2896	0	401	562	810	577	831	889	377	882	303	307	204	302	99
1	0.199676	2902	0	407	564	815	575	834	885	382	883	203	300
2	0.066545	2904	0	408	562	816	573	835	884	382	888	203	292	160	242	66
1	0.199831	2910	0	419	567	825	579	844	887	394	885	158	242
2	0.399156	2912	0	421	568	826	575	846	887	395	885	160	240	91	210	74
1	0.099817	2924	0	436	569	836	581	856	886	415	873	133	194
2	0.066453	2926	0	438	570	837	584	857	885	413	879	139	198	113	202	24
1	0.233317	2933	0	451	562	849	576	867	880	427	875	90	211
2	0.066303	2935	0	454	562	853	581	872	881	431	876	89	209	161	216	71
1	0.13449	2940	0	453	563	853	574	872	878	429	872	172	219
2	0.065179	2941	0	452	562	852	576	870	878	428	872	171	222	228	268	74
1	0.166359	2946	0	449	564	849	578	869	884	424	877	229	277
2	0.100225	2948	0	451	577	853	591	870	897	429	890	227	281	251	280	22
2	0.066128	2951	0	455	593	857	601	875	911	430	903	254	256	266	257	11
1	0.166261	2956	0	462	591	862	599	887	911	441	904	259	246
2	0.066614	2958	0	473	584	872	598	893	902	451	895	248	251	232	266	20
1	0.266362	2966	0	474	581	871	589	892	889	456	886	227	272
2	0.0669	2968	0	475	578	869	585	893	889	457	888	211	260	177	257	33
1	0.199462	2974	0	500	559	884	568	905	856	483	846	162	278
2	0.066354	2976	0	502	551	888	560	905	848	486	842	150	264	138	277	16
1	0.199641	2982	0	494	538	867	544	883	818	478	816	145	302
