1	0.199064	5	0	420	352	999	369	972	759	426	748	188	125
2	0.100347	8	0	420	352	999	368	977	760	426	748	190	126	238	126	42
1	0.165712	13	0	420	352	999	369	972	759	426	748	237	124
2	0.066755	15	0	420	352	999	369	972	759	426	748	237	121	261	125	31
1	0.232829	22	0	421	350	999	366	972	758	426	747	278	127
2	0.06657	24	0	421	352	1005	366	973	758	427	748	281	120	292	124	16
1	0.099829	27	0	425	351	1001	366	974	759	429	748	293	124
2	0.099806	30	0	427	354	1003	367	976	760	431	749	293	142	234	111	62
1	0.232993	37	0	437	355	1013	368	981	767	434	742	241	118
2	0.066742	39	0	438	355	1015	368	983	767	432	743	245	124	271	125	34
1	0.399128	42	0	439	355	1016	369	984	768	433	744	278	121
1	0.299356	60	0	455	357	1034	370	1004	769	452	747	86	131
2	0.066636	62	0	456	357	1034	377	1005	769	452	747	78	127	50	132	37
1	0.166293	67	0	454	356	1033	369	1003	769	451	745	54	130
2	0.066683	69	0	454	356	1033	368	1003	769	452	747	54	130	130	137	97
1	0.19962	75	0	455	357	1033	374	1002	770	455	747	124	132
2	0.066495	77	0	455	356	1033	368	1003	769	450	746	127	132	172	140	56
1	0.233635	84	0	453	357	1032	369	1000	770	453	747	177	131
2	0.066567	86	0	453	358	1031	371	1000	766	453	748	192	134	213	134	28
1	0.165643	91	0	452	358	1031	370	1000	765	447	746	216	136
2	0.067119	93	0	452	357	1030	370	1000	765	448	746	215	133	239	137	30
1	0.199089	99	0	451	358	1031	370	1000	765	447	746	247	134
2	0.066846	101	0	452	357	1031	370	1000	765	446	746	255	131	286	134	40
1	0.299186	106	0	451	358	1031	370	1000	766	447	747	286	133
1	0.332927	120	0	453	360	1031	371	1000	772	453	749	56	148
2	0.100015	123	0	453	358	1030	370	999	765	453	747	57	145	99	147	26
1	0.133288	127	0	454	357	1031	369	1000	765	454	747	97	145
2	0.099338	130	0	453	357	1031	377	999	770	449	746	101	142	130	146	38
1	0.765499	153	0	453	360	1032	373	1000	768	453	750	122	144
2	0.066511	155	0	452	359	1031	372	1000	767	447	748	127	145	147	148	26
1	0.166519	160	0	454	359	1032	372	1001	767	454	749	144	146
2	0.366154	162	0	454	359	1033	372	1001	767	454	749	144	147	124	150	24
2	0.066548	173	0	453	362	1032	374	999	775	453	751	121	131	116	137	9
1	0.099525	176	0	453	361	1032	375	1000	776	453	751	116	143
2	0.06667	178	0	452	362	1031	375	998	776	447	750	119	143	128	135	14
1	0.266689	186	0	452	362	1025	376	997	777	449	751	127	141
2	0.066913	188	0	452	365	1031	376	997	777	449	751	127	137	148	139	26
1	0.165424	193	0	452	363	1025	376	997	777	447	751	148	143
2	0.100783	195	0	453	363	1031	377	997	778	453	752	149	138	146	145	9
2	0.098937	199	0	452	363	1024	377	1001	776	447	751	148	146	170	144	34
1	0.432657	212	0	450	364	1022	377	998	770	445	751	166	145
2	0.066474	214	0	450	364	1022	378	998	770	446	760	160	144	200	145	52
1	0.332797	224	0	451	363	1021	377	998	776	447	751	196	144
2	0.066857	226	0	450	366	1020	378	996	771	445	752	191	143	241	146	64
1	0.199293	232	0	449	367	1020	379	996	771	445	752	240	143
2	0.066935	234	0	449	365	1019	379	996	779	444	752	245	141	216	143	37
1	0.133171	238	0	448	362	1020	377	996	769	448	758	210	141
2	0.065996	240	0	448	362	1020	376	996	769	443	758	211	140	229	142	22
1	0.099929	243	0	449	363	1021	376	998	776	444	750	234	143
2	0.066659	245	0	449	362	1021	376	997	769	446	759	228	143	271	151	57
1	0.199946	251	0	451	363	1024	377	1000	777	451	751	280	144
2	0.066446	253	0	453	362	1025	376	1002	777	453	751	268	146	86	164	236
1	0.099565	256	0	454	362	1033	374	1000	768	454	750	75	160
2	0.066414	258	0	455	360	1034	373	1002	768	455	750	76	158	54	158	27
1	0.100246	261	0	457	360	1036	373	1003	769	453	750	50	154
2	0.099593	264	0	456	360	1034	372	1002	768	456	750	49	152	41	124	65
1	0.099664	267	0	456	361	1035	375	1002	775	456	752	52	133
2	0.099871	270	0	456	363	1035	374	1002	775	453	752	58	140	119	147	39
1	0.166498	275	0	457	361	1035	375	1003	775	453	751	119	148
2	0.066633	277	0	456	363	1036	374	1002	776	453	752	121	147	161	148	52
1	0.233113	284	0	458	363	1037	375	1004	776	453	753	157	147
2	0.066927	286	0	456	363	1036	376	1003	776	453	753	158	144	213	151	72
1	0.132305	290	0	455	364	1034	376	1000	776	455	752	212	148
2	0.066737	292	0	456	362	1035	376	1006	778	456	752	209	148	190	146	25
1	0.199548	298	0	453	360	1026	374	1003	769	447	758	193	148
2	0.066589	300	0	453	361	1026	375	1003	777	453	751	195	147	261	156	84
1	0.099673	303	0	453	361	1025	375	1002	774	448	758	253	153
2	0.133221	306	0	453	363	1025	378	1001	775	448	760	251	151	237	150	22
2	0.399328	309	0	453	363	1025	377	1001	778	453	752	240	151	280	155	50
1	0.199857	324	0	466	360	1043	374	1011	773	461	750	49	175
2	0.066444	327	0	464	360	1043	372	1012	769	461	750	77	304	75	151	182
1	0.166339	332	0	464	361	1043	374	1011	770	461	751	86	154
2	0.100105	335	0	464	361	1043	375	1010	770	459	751	86	161	128	158	55
1	0.132808	339	0	463	361	1042	374	1009	770	457	751	128	160
2	0.066797	341	0	464	361	1042	374	1010	770	459	751	126	158	118	159	11
1	0.166161	346	0	462	362	1036	376	1009	770	456	751	113	162
2	0.066794	348	0	462	360	1041	375	1012	776	457	751	115	161	148	163	43
1	0.232681	355	0	461	362	1034	376	1011	775	458	751	147	163
2	0.099707	358	0	460	362	1034	376	1010	776	456	751	150	158	191	162	37
1	0.233332	365	0	461	363	1034	377	1010	778	456	752	190	158
2	0.066149	367	0	461	363	1034	377	1011	778	458	760	186	157	170	154	20
1	0.199954	373	0	460	363	1034	377	1010	779	455	760	174	154
2	0.066426	375	0	461	362	1034	378	1010	779	461	761	171	154	207	156	47
1	0.333073	385	0	463	366	1035	378	1011	778	460	754	205	156
2	0.066248	387	0	464	367	1036	380	1013	779	461	755	206	155	97	181	142
1	0.133052	391	0	464	368	1042	382	1014	780	461	757	100	175
2	0.066553	393	0	466	367	1042	381	1009	779	462	756	101	178	71	170	38
1	0.1999	399	0	466	366	1042	379	1014	779	461	756	70	176
2	0.066579	401	0	469	368	1044	380	1012	780	464	757	69	174	136	177	85
1	0.133057	405	0	467	368	1044	381	1011	780	464	757	139	173
2	0.066334	407	0	467	368	1044	381	1011	780	463	757	137	173	183	174	58
1	0.166425	412	0	467	370	1043	382	1011	782	463	759	183	173
2	0.099745	415	0	465	369	1042	381	1010	782	462	758	186	173	205	174	23
1	0.166371	420	0	465	368	1042	382	1009	781	459	757	206	174
2	0.1	423	0	464	367	1042	381	1014	780	459	756	206	173	247	175	33
1	0.199921	429	0	464	367	1043	380	1010	780	461	757	247	174
2	0.132694	433	0	464	366	1042	380	1009	779	459	756	253	171	229	169	31
1	0.167026	438	0	465	367	1038	379	1010	780	459	757	229	171
2	0.066782	440	0	464	369	1041	382	1013	781	459	758	226	171	259	172	43
1	0.266139	448	0	465	368	1038	382	1014	782	460	758	279	174
2	0.099337	451	0	464	370	1038	382	1014	782	461	758	279	171	243	173	56
1	0.232559	458	0	465	369	1036	382	1014	782	459	758	244	174
2	0.066675	460	0	464	370	1037	383	1014	783	461	759	252	175	282	180	38
1	0.400035	463	0	465	368	1036	383	1014	782	461	759	283	179
1	0.099099	475	0	468	368	1045	382	1017	782	464	758	47	196
2	0.066555	477	0	466	369	1040	382	1012	782	464	758	50	195	99	194	62
1	0.499288	482	0	468	369	1045	381	1013	781	465	758	96	192
2	0.066482	494	0	470	367	1047	381	1015	779	467	758	131	178	48	191	108
1	0.199845	500	0	469	368	1047	380	1015	780	467	758	59	187
2	0.06629	502	0	471	368	1047	380	1014	780	466	758	57	189	161	195	134
1	0.166438	507	0	471	373	1044	394	1016	786	468	764	154	188
2	0.06685	509	0	473	376	1051	396	1018	788	470	765	156	188	131	191	32
1	0.265828	517	0	477	378	1050	392	1018	790	470	767	131	187
2	0.066571	519	0	472	377	1050	392	1018	790	470	767	139	187	177	189	50
1	0.200268	525	0	473	375	1045	388	1017	787	469	764	177	194
2	0.099971	527	0	471	375	1045	386	1022	788	469	765	182	191	209	191	33
2	0.065856	530	0	471	374	1051	391	1017	787	469	764	186	193	154	191	41
1	0.266725	538	0	471	371	1051	384	1017	785	469	762	158	192
2	0.066139	540	0	473	373	1051	384	1018	785	470	762	158	189	211	191	68
1	0.133277	544	0	478	373	1052	385	1019	785	471	762	206	191
2	0.099439	547	0	474	372	1046	385	1018	785	469	762	210	191	263	186	77
1	0.233021	554	0	472	368	1046	380	1023	781	469	758	263	193
2	0.066538	556	0	472	368	1046	381	1023	781	469	757	264	194	292	194	36
1	0.166668	561	0	475	367	1049	378	1021	779	472	756	290	194
2	0.066244	563	0	476	367	1050	378	1022	779	473	756	263	195	141	195	160
1	0.266597	571	0	492	367	1066	387	1034	779	482	759	135	180
2	0.066101	572	0	492	367	1066	387	1034	779	485	759	142	175	204	181	82
1	0.199766	578	0	492	368	1064	388	1033	779	484	759	206	179
2	0.06633	580	0	492	368	1064	388	1033	779	484	759	206	178	251	181	58
1	0.134409	585	0	491	369	1064	389	1032	780	480	760	252	180
2	0.098772	587	0	491	369	1064	389	1032	780	484	760	251	172	286	180	31
1	0.066524	589	0	491	371	1064	391	1033	782	481	762	285	179
2	0.0665	591	0	491	371	1065	391	1033	782	480	762	281	177	111	198	223
1	0.46593	596	0	493	369	1066	389	1035	781	483	761	65	201
1	0.099894	608	0	490	370	1064	390	1032	781	481	761	110	178
2	0.099716	611	0	491	369	1065	387	1033	781	480	761	110	182	160	187	32
1	0.199648	617	0	490	371	1064	391	1032	782	483	762	162	181
2	0.066559	619	0	491	371	1065	391	1033	783	482	763	162	181	200	185	49
1	0.166389	624	0	489	371	1063	389	1031	783	482	762	205	185
2	0.066876	626	0	483	371	1063	385	1031	783	481	762	201	189	193	186	11
1	0.200149	632	0	488	372	1063	384	1030	784	481	763	192	187
2	0.065653	634	0	488	372	1062	388	1030	784	479	762	192	187	270	192	105
1	0.266258	642	0	487	377	1060	391	1026	788	480	766	265	185
2	0.066498	644	0	488	378	1061	392	1028	789	476	768	241	192	71	210	223
1	0.566742	652	0	489	374	1063	392	1030	785	482	764	58	205
1	0.099185	664	0	490	374	1062	394	1035	785	480	764	127	194
2	0.066168	666	0	490	374	1061	394	1030	784	480	764	128	192	179	195	67
1	0.266309	674	0	490	374	1060	394	1029	784	480	764	177	194
2	0.099947	677	0	488	373	1061	387	1028	784	479	762	176	196	231	200	74
1	0.099625	680	0	490	374	1061	394	1029	784	481	764	225	196
2	0.133061	684	0	489	375	1060	395	1034	786	480	765	224	195	180	196	28
1	0.099967	687	0	489	375	1060	395	1027	786	477	764	183	196
2	0.099893	690	0	489	378	1059	395	1027	788	479	767	191	195	241	195	64
1	0.267108	698	0	488	378	1060	392	1031	789	477	767	242	197
2	0.065647	700	0	487	378	1053	398	1030	788	477	766	240	196	227	191	18
1	0.232783	707	0	487	378	1058	398	1026	789	477	767	257	193
2	0.066645	709	0	488	378	1060	398	1032	789	479	768	264	195	287	199	29
1	0.166468	714	0	489	379	1061	399	1028	790	479	769	287	197
2	0.066349	716	0	490	376	1062	399	1030	798	481	770	196	208	47	226	191
1	0.099961	719	0	491	380	1064	400	1032	797	481	762	68	219
2	0.100167	722	0	492	375	1063	399	1031	796	482	762	68	217	54	218	10
1	0.099358	725	0	491	378	1063	398	1031	797	481	770	54	212
2	0.099948	728	0	492	371	1064	399	1032	795	482	762	54	223	106	222	64
1	0.133115	732	0	492	370	1063	398	1032	797	482	761	102	223
2	0.100205	735	0	492	371	1064	397	1032	796	482	768	105	243	102	188	44
1	0.232617	742	0	491	378	1062	398	1029	789	481	769	106	200
2	0.066289	744	0	491	378	1062	398	1029	795	481	769	110	203	136	193	37
1	0.166791	749	0	490	378	1061	398	1028	788	481	768	135	192
2	0.066588	751	0	490	378	1060	398	1032	788	480	768	133	194	172	189	51
1	0.232839	758	0	490	379	1061	399	1028	797	480	769	182	185
2	0.099631	760	0	490	373	1061	399	1028	789	480	769	180	190	218	190	49
2	0.066652	763	0	491	375	1060	398	1028	795	481	769	222	187	258	192	48
1	0.232921	770	0	491	380	1062	400	1030	796	482	770	257	185
2	0.066754	772	0	491	380	1061	400	1029	796	482	770	261	186	273	189	17
1	0.066448	774	0	491	380	1062	400	1030	789	483	770	279	190
2	0.066277	776	0	493	376	1063	399	1030	796	483	770	226	198	58	213	217
1	0.299762	785	0	494	373	1064	399	1032	797	483	761	68	216
2	0.09969	788	0	493	371	1064	399	1031	796	483	770	65	207	128	216	79
1	0.166313	793	0	494	372	1064	399	1032	795	484	762	126	218
2	0.100224	796	0	493	371	1064	399	1031	797	483	770	127	213	183	185	52
1	0.099581	799	0	493	372	1063	398	1031	794	482	768	183	185
2	0.099781	802	0	493	377	1063	397	1031	796	482	760	188	181	237	181	52
1	0.432632	806	0	493	371	1064	398	1032	795	483	761	234	181
1	0.066488	817	0	492	372	1064	399	1033	797	484	762	228	168
2	0.066744	819	0	492	380	1065	400	1033	797	484	762	220	167	100	184	155
1	0.066359	821	0	493	373	1065	399	1033	796	483	761	102	184
2	0.0999	824	0	493	372	1064	397	1031	794	483	768	102	179	118	207	8
1	0.233034	831	0	493	378	1064	398	1031	795	483	769	121	203
2	0.066492	833	0	492	371	1062	398	1030	796	481	769	122	206	133	206	14
1	0.066413	835	0	494	371	1064	398	1032	795	484	760	134	207
2	0.099924	838	0	493	372	1062	398	1030	796	482	769	134	203	184	199	31
1	0.199475	844	0	491	380	1063	400	1031	795	483	762	188	198
2	0.066695	846	0	492	372	1062	399	1030	795	483	770	187	196	246	196	76
1	0.199609	852	0	491	373	1062	399	1029	795	482	761	246	196
2	0.066893	854	0	491	380	1063	400	1030	796	483	762	247	194	288	199	52
1	0.166116	859	0	491	380	1063	400	1031	796	483	762	283	199
2	0.066491	861	0	495	372	1063	399	1032	795	484	761	271	203	96	226	224
1	0.099905	864	0	494	373	1064	399	1032	796	483	762	65	224
2	0.066582	866	0	493	373	1064	398	1032	795	484	762	66	221	46	221	24
1	0.132987	870	0	493	373	1064	400	1033	797	484	762	48	220
2	0.09988	873	0	494	372	1064	399	1032	797	483	762	48	220	100	214	43
1	0.13312	877	0	493	371	1064	397	1032	794	483	760	101	215
2	0.066451	879	0	492	370	1064	396	1032	795	483	760	123	218	156	218	42
1	0.233444	886	0	494	370	1065	397	1033	795	483	760	154	213
2	0.298948	888	0	495	370	1065	396	1034	795	484	760	162	214	206	212	55
1	0.100262	898	0	496	374	1066	399	1035	798	485	763	180	205
2	0.066285	900	0	493	374	1065	400	1034	797	484	763	191	209	234	212	56
1	0.166432	905	0	492	374	1065	399	1033	798	484	763	237	211
2	0.099646	908	0	492	380	1065	400	1034	799	484	763	250	212	276	213	34
1	0.166496	913	0	494	374	1067	399	1035	798	485	763	273	213
2	0.06654	915	0	495	374	1067	399	1036	798	486	763	213	218	70	234	183
1	0.134267	919	0	496	375	1068	400	1036	798	487	764	77	227
2	0.066224	921	0	496	374	1068	400	1036	798	487	764	83	225	144	221	80
1	0.198724	927	0	493	380	1065	400	1033	798	485	762	147	217
2	0.066975	929	0	496	373	1065	399	1033	796	485	762	143	220	165	222	26
1	0.066848	931	0	494	374	1065	399	1033	797	485	762	181	220
2	0.065965	933	0	495	373	1066	399	1034	797	487	762	180	222	85	240	125
1	0.232973	940	0	503	373	1068	398	1037	795	489	762	71	236
2	0.066452	942	0	504	374	1068	398	1037	796	490	763	73	237	128	236	70
1	0.166495	947	0	504	375	1069	400	1038	797	488	764	126	235
2	0.100105	950	0	503	375	1068	400	1037	797	489	764	127	234	99	234	17
1	0.099398	953	0	503	375	1068	400	1037	798	486	764	103	234
2	0.066838	955	0	502	375	1067	400	1035	798	488	764	101	234	169	238	84
1	0.166129	960	0	499	376	1067	401	1035	798	487	764	167	236
2	0.066521	962	0	498	376	1067	401	1035	799	487	764	169	231	147	237	28
1	0.366705	964	0	498	376	1067	401	1035	799	487	764	149	234
1	0.36542	984	0	491	383	1062	403	1033	800	483	772	86	220
2	0.067243	986	0	492	382	1056	402	1034	800	483	763	104	228	152	229	58
1	0.099028	989	0	492	381	1063	401	1035	798	484	763	150	228
2	0.066655	991	0	494	381	1063	401	1031	798	484	763	153	227	181	230	35
1	0.099861	994	0	493	382	1064	402	1032	797	486	764	180	228
2	0.068112	996	0	494	375	1065	401	1032	797	486	763	178	230	202	230	31
1	0.164767	1001	0	495	381	1065	401	1033	797	485	762	212	229
2	0.066462	1003	0	494	380	1065	400	1034	796	485	762	213	230	199	223	19
1	0.199731	1009	0	495	370	1066	397	1034	794	486	760	195	231
2	0.06671	1011	0	495	371	1066	397	1034	794	487	759	212	233	258	232	59
1	0.199468	1017	0	496	372	1066	398	1035	795	486	760	260	230
2	0.099867	1020	0	497	372	1066	398	1035	795	487	761	260	231	292	237	40
1	0.100498	1023	0	497	372	1067	398	1036	793	489	759	291	236
2	0.133143	1027	0	498	364	1068	392	1037	786	489	752	289	238	271	229	29
1	0.266582	1035	0	501	359	1071	384	1041	780	492	747	269	231
2	0.06584	1037	0	502	353	1072	378	1042	775	493	742	262	231	240	224	30
1	0.166059	1042	0	505	342	1079	370	1046	765	494	732	234	229
2	0.067207	1044	0	504	339	1079	365	1045	762	494	729	234	226	283	231	62
1	0.065849	1046	0	503	338	1080	365	1045	761	494	728	288	227
2	0.100154	1048	0	503	337	1080	364	1046	761	495	728	289	226	301	231	18
2	0.099526	1052	0	505	336	1081	364	1047	760	496	727	298	233	70	258	248
1	0.166302	1057	0	507	337	1084	362	1046	760	498	728	69	252
2	0.066632	1059	0	507	337	1085	362	1047	760	498	728	70	250	52	253	22
1	0.100083	1062	0	506	337	1085	363	1047	760	499	729	58	251
2	0.066485	1064	0	508	338	1085	363	1046	761	499	730	57	250	90	252	42
1	0.466019	1069	0	506	340	1085	365	1046	762	499	731	119	249
1	0.265952	1086	0	506	339	1086	363	1047	761	499	730	205	243
2	0.066422	1088	0	510	338	1087	364	1048	761	500	730	220	239	255	242	46
1	0.166384	1093	0	513	340	1087	365	1048	762	500	731	252	240
2	0.100296	1096	0	513	340	1086	365	1047	763	500	731	255	240	284	236	39
1	0.232722	1103	0	506	340	1085	366	1046	762	499	730	287	236
2	0.099637	1106	0	510	340	1086	366	1046	762	500	731	284	236	157	257	142
1	0.133048	1110	0	515	340	1087	364	1048	761	502	731	154	256
2	0.100357	1113	0	515	338	1087	362	1049	759	502	730	166	256	204	254	46
1	0.099344	1116	0	516	338	1088	362	1051	760	500	729	204	255
2	0.066554	1118	0	516	339	1087	363	1050	759	501	721	207	252	192	255	20
1	0.066495	1120	0	516	340	1087	370	1050	767	498	722	188	249
2	0.066923	1122	0	517	341	1087	371	1050	768	498	723	187	250	250	254	79
1	0.166588	1127	0	516	343	1088	367	1050	769	498	725	249	252
2	0.066221	1129	0	516	335	1087	366	1050	769	497	724	247	254	293	257	58
1	0.133323	1133	0	517	342	1089	366	1051	771	501	725	289	254
2	0.066041	1135	0	517	342	1089	366	1051	770	500	725	289	254	267	255	27
1	0.100175	1138	0	518	340	1090	365	1053	768	505	724	268	253
2	0.066271	1140	0	518	340	1089	370	1053	768	505	724	267	251	104	274	209
1	0.366098	1151	0	528	332	1108	370	1066	768	511	724	59	276
2	0.432632	1153	0	528	340	1107	370	1065	768	510	724	58	267	97	268	49
1	0.266269	1171	0	528	338	1108	368	1066	767	510	723	162	260
2	0.066654	1173	0	527	338	1107	368	1066	761	511	722	163	261	217	266	69
1	0.166185	1178	0	527	339	1101	369	1064	768	511	724	218	265
2	0.133217	1182	0	527	340	1100	363	1063	768	510	724	223	269	250	269	24
1	0.266087	1190	0	525	341	1098	364	1061	768	508	724	253	265
2	0.066565	1192	0	525	341	1098	365	1061	768	509	725	252	269	283	271	41
1	0.166591	1197	0	527	334	1099	373	1062	771	509	726	277	270
2	0.13289	1201	0	529	335	1101	373	1065	770	513	727	281	265	75	295	154
1	0.099868	1204	0	533	337	1109	374	1068	771	515	727	72	292
2	0.067369	1206	0	533	337	1108	373	1067	770	515	727	66	288	59	286	10
1	0.065793	1208	0	532	337	1108	373	1068	770	516	727	60	289
2	0.365876	1210	0	533	337	1108	373	1061	769	515	727	59	286	104	288	57
1	0.067142	1221	0	529	335	1100	373	1065	770	512	726	90	274
2	0.066157	1223	0	529	335	1099	373	1064	771	512	727	115	276	157	283	56
1	0.166174	1228	0	528	335	1099	374	1063	772	511	727	158	280
2	0.067266	1230	0	527	337	1099	368	1063	772	510	727	162	280	142	282	25
1	0.099205	1233	0	528	335	1101	367	1063	771	512	727	132	277
2	0.067227	1235	0	527	334	1099	373	1063	771	510	726	131	277	215	284	108
1	0.165683	1240	0	525	341	1098	364	1061	770	506	724	226	281
2	0.066613	1242	0	525	341	1098	364	1061	768	508	724	225	280	207	279	23
1	0.233122	1249	0	525	340	1098	370	1061	768	508	724	206	278
2	0.066465	1251	0	525	339	1098	363	1061	767	508	723	210	278	260	284	66
1	0.266073	1259	0	526	334	1099	366	1063	771	510	727	265	280
2	0.066607	1261	0	526	334	1098	373	1063	771	510	726	263	280	288	279	31
1	0.132966	1265	0	527	334	1098	373	1063	772	510	727	291	275
2	0.067021	1267	0	527	336	1099	373	1064	772	510	727	234	289	68	305	214
1	0.099427	1270	0	529	336	1101	374	1066	772	512	728	71	303
2	0.066958	1272	0	529	336	1101	374	1066	772	513	728	70	302	61	301	11
1	0.166409	1277	0	529	335	1107	373	1066	771	512	727	56	300
2	0.099293	1280	0	529	335	1101	367	1065	771	512	727	58	296	98	298	44
1	0.133238	1284	0	528	335	1099	373	1063	771	510	727	98	292
2	0.066605	1286	0	528	336	1100	367	1063	770	510	726	99	294	72	296	35
1	0.598881	1293	0	527	335	1099	367	1061	770	510	727	68	294
1	0.099768	1307	0	527	335	1097	372	1061	768	509	725	100	288
2	0.100028	1310	0	528	341	1098	371	1062	767	511	724	101	286	201	280	129
1	0.16622	1315	0	526	339	1097	369	1061	760	509	722	200	280
2	0.066698	1317	0	525	338	1097	362	1061	759	509	721	201	283	244	283	55
1	0.099672	1320	0	525	339	1098	369	1061	760	509	722	238	281
2	0.066712	1322	0	526	339	1098	362	1062	760	511	722	251	285	270	285	24
1	0.133339	1326	0	527	338	1100	368	1064	759	511	721	269	285
2	0.06623	1328	0	528	338	1101	362	1065	761	510	722	273	284	301	286	36
1	0.099862	1331	0	530	339	1109	369	1067	767	514	723	293	279
2	0.066697	1333	0	531	338	1110	368	1068	766	515	723	206	290	107	304	126
1	0.166178	1338	0	536	334	1114	367	1067	766	518	723	112	301
2	0.066675	1340	0	534	334	1113	367	1067	765	518	722	113	298	155	296	52
1	0.133	1344	0	534	334	1114	367	1067	765	518	722	163	300
2	0.099787	1347	0	535	334	1113	367	1066	765	518	723	165	289	141	294	25
1	0.066581	1349	0	535	335	1113	367	1067	766	517	723	146	291
2	0.066894	1351	0	534	335	1112	367	1065	766	517	723	145	293	211	298	86
1	0.26677	1359	0	533	336	1111	369	1064	766	516	723	220	293
2	0.065708	1361	0	532	335	1110	368	1063	766	515	723	236	295	267	291	40
1	0.066542	1363	0	533	335	1110	367	1063	765	516	722	264	295
2	0.066697	1365	0	532	334	1110	367	1063	765	516	722	273	296	284	293	15
1	0.132874	1369	0	531	334	1109	368	1068	765	515	722	283	293
2	0.066701	1371	0	532	336	1111	368	1064	766	516	723	222	303	67	320	196
1	0.23285	1378	0	539	332	1112	367	1065	765	518	723	67	316
2	0.067284	1380	0	537	333	1112	368	1066	765	518	723	66	310	55	310	15
1	0.09902	1383	0	533	333	1111	368	1064	766	517	723	59	311
2	0.366071	1385	0	535	333	1111	369	1064	766	517	724	57	310	105	310	61
1	0.199766	1400	0	534	333	1111	368	1065	766	517	724	87	297
2	0.066449	1402	0	532	333	1111	369	1064	766	516	723	103	299	133	299	38
1	0.432829	1415	0	532	334	1111	367	1064	765	516	722	133	295
2	0.06632	1417	0	533	334	1111	366	1064	764	516	721	132	294	171	298	49
1	0.099774	1420	0	532	333	1111	365	1064	763	517	719	168	297
2	0.100338	1423	0	533	333	1112	363	1065	761	515	718	170	299	158	297	10
1	0.099522	1426	0	533	326	1112	362	1065	761	516	718	155	299
2	0.099629	1429	0	532	327	1112	362	1065	761	515	718	164	302	205	305	58
1	0.233358	1436	0	533	325	1111	362	1063	761	515	718	207	303
2	0.066229	1438	0	532	333	1111	363	1063	762	515	718	216	299	190	299	33
1	0.366175	1449	0	530	335	1108	365	1067	758	513	719	191	303
2	0.066391	1451	0	528	337	1107	362	1065	760	513	721	191	302	251	294	76
1	0.199693	1457	0	527	332	1097	371	1061	761	508	723	245	300
2	0.066573	1459	0	527	342	1097	372	1060	768	510	724	254	302	270	311	24
1	0.200158	1465	0	528	347	1097	370	1061	772	511	728	273	312
2	0.133521	1469	0	529	349	1098	379	1061	768	512	730	269	311	75	328	183
1	0.099661	1472	0	531	347	1100	371	1064	773	514	728	75	331
2	0.06601	1474	0	530	347	1100	370	1063	773	512	728	78	325	61	325	23
1	0.232782	1481	0	530	341	1100	371	1064	768	512	723	65	326
2	0.066388	1483	0	529	340	1101	364	1064	768	512	723	81	320	112	325	37
1	0.598918	1491	0	528	341	1100	365	1063	769	512	724	112	320
1	0.366242	1512	0	533	335	1111	365	1064	763	517	719	135	313
2	0.099979	1515	0	533	335	1112	365	1072	759	520	721	128	310	192	315	85
1	0.399292	1527	0	532	333	1112	363	1064	762	519	719	198	315
2	0.09959	1530	0	533	334	1112	364	1065	763	520	720	196	310	237	315	56
1	0.134085	1534	0	533	334	1111	364	1065	758	520	720	235	317
2	0.098884	1537	0	533	333	1112	365	1066	758	518	719	235	319	202	315	43
1	0.133138	1541	0	532	335	1111	360	1070	759	516	720	204	317
2	0.066432	1543	0	533	336	1110	366	1070	759	517	720	212	319	229	320	22
1	0.099941	1546	0	532	334	1110	361	1069	759	516	720	232	322
2	0.066869	1548	0	532	336	1109	366	1069	759	516	720	233	322	272	304	51
1	0.199349	1554	0	531	333	1109	363	1068	761	515	716	273	309
2	0.066441	1556	0	533	333	1111	363	1070	760	520	718	269	306	189	322	104
1	0.166449	1561	0	533	326	1111	362	1064	760	517	716	160	325
2	0.066554	1563	0	532	333	1111	363	1064	760	517	717	174	324	261	327	110
1	0.133116	1567	0	532	334	1110	364	1070	762	516	719	255	324
2	0.066608	1569	0	532	335	1109	365	1062	762	516	719	257	322	291	323	42
1	0.133211	1573	0	534	333	1111	365	1064	763	518	720	288	323
2	0.09965	1576	0	533	335	1112	365	1065	762	517	719	289	320	68	335	177
1	0.133021	1580	0	535	333	1114	363	1068	761	519	719	69	333
2	0.067425	1582	0	537	328	1116	363	1068	762	520	720	69	332	62	333	9
1	0.099355	1585	0	539	327	1111	362	1070	761	521	720	60	334
2	0.066332	1587	0	537	327	1111	362	1070	761	520	720	60	332	96	330	45
1	0.100465	1590	0	539	326	1117	362	1071	760	521	720	93	330
2	0.065839	1592	0	537	326	1117	362	1071	760	521	720	83	324	49	314	46
1	0.133022	1596	0	541	327	1117	363	1072	761	521	720	53	317
2	0.09999	1598	0	542	328	1118	364	1072	761	522	721	55	317	104	322	63
2	0.099952	1602	0	542	327	1118	363	1074	761	522	721	102	322	119	321	10
1	0.266024	1610	0	543	328	1118	364	1074	761	523	721	144	323
2	0.066428	1612	0	542	328	1118	363	1074	761	522	721	153	321	203	331	64
1	0.533311	1618	0	543	326	1118	362	1074	759	523	719	199	327
1	0.2987	1637	0	541	325	1115	359	1070	758	521	717	71	320
2	0.067652	1639	0	540	325	1114	360	1069	758	520	717	53	322	190	335	173
1	0.131934	1643	0	539	325	1113	359	1068	758	519	716	229	334
2	0.099954	1646	0	535	324	1113	359	1068	757	520	717	229	330	258	333	35
1	0.199529	1652	0	542	325	1115	359	1070	757	522	717	255	336
2	0.13318	1656	0	544	325	1118	358	1074	757	521	717	216	338	58	345	205
1	0.299505	1665	0	544	325	1124	360	1074	758	519	710	61	349
2	0.066781	1667	0	543	326	1124	360	1074	758	521	710	57	349	95	350	47
1	0.265956	1675	0	543	323	1117	358	1073	756	522	716	100	343
2	0.099837	1677	0	544	323	1118	358	1074	762	523	716	100	340	88	338	13
2	0.09976	1681	0	543	321	1118	357	1073	755	522	715	86	338	148	341	85
1	0.166985	1686	0	543	322	1118	357	1073	756	522	716	148	341
2	0.065978	1688	0	543	322	1118	358	1074	756	522	716	151	343	187	343	47
1	0.366153	1690	0	537	322	1124	358	1074	756	522	716	186	342
1	0.166366	1704	0	536	311	1119	347	1074	747	519	705	193	342
2	0.066443	1706	0	536	308	1119	344	1074	745	520	702	193	345	172	339	27
1	0.066775	1708	0	536	307	1119	343	1074	744	520	701	172	339
2	0.099723	1711	0	537	306	1120	343	1075	744	520	702	170	339	152	339	25
1	0.099811	1714	0	537	307	1121	338	1075	744	521	703	153	340
2	0.066449	1716	0	536	307	1120	343	1075	744	520	702	154	338	203	344	63
1	0.299447	1725	0	536	307	1120	338	1075	738	520	696	200	341
2	0.100532	1728	0	535	306	1118	337	1073	738	519	695	200	333	246	336	33
1	0.099233	1731	0	535	306	1117	337	1072	737	522	695	246	337
2	0.099975	1734	0	534	305	1116	337	1071	738	518	694	250	338	226	337	29
1	0.26612	1741	0	533	306	1114	339	1069	740	517	697	227	336
2	0.066578	1743	0	533	306	1114	340	1069	740	516	697	229	338	267	344	49
1	0.066454	1745	0	533	306	1114	340	1069	741	517	698	265	342
2	0.066599	1747	0	533	307	1114	340	1069	741	517	698	266	343	200	343	84
1	0.199694	1753	0	533	305	1114	342	1068	743	516	700	202	342
2	0.100655	1756	0	532	305	1114	343	1068	743	515	700	202	341	243	345	25
1	0.132864	1760	0	531	304	1113	342	1067	738	516	699	249	347
2	0.066256	1762	0	531	305	1113	337	1067	739	513	700	257	346	275	346	22
1	0.232511	1769	0	532	305	1114	343	1067	744	514	701	274	344
2	0.067809	1771	0	532	305	1115	343	1068	744	515	701	274	341	284	343	12
1	0.098623	1774	0	534	307	1116	344	1070	745	521	703	288	343
2	0.066899	1776	0	535	308	1117	345	1071	745	522	703	288	344	129	358	204
1	0.398971	1779	0	537	309	1120	345	1074	745	522	704	58	363
1	0.099909	1791	0	538	306	1124	339	1078	742	521	699	116	345
2	0.066569	1793	0	538	305	1123	339	1077	741	520	697	116	348	150	349	43
1	0.299509	1802	0	538	307	1125	332	1078	741	521	698	187	351
2	0.066442	1804	0	538	305	1124	333	1078	741	521	698	204	351	234	335	44
1	0.200306	1810	0	539	306	1124	339	1078	741	522	698	262	337
2	0.066188	1812	0	539	305	1124	338	1078	740	522	697	273	335	241	336	44
1	0.099628	1815	0	540	307	1124	338	1078	740	524	697	244	335
2	0.066401	1817	0	539	307	1123	338	1078	740	522	697	234	338	55	365	228
1	0.166688	1822	0	540	305	1124	336	1078	737	524	695	67	355
2	0.066204	1824	0	541	305	1125	336	1080	737	524	695	69	346	52	350	22
1	0.100184	1827	0	540	298	1123	335	1078	737	523	695	56	349
2	0.066566	1829	0	539	305	1123	339	1077	740	523	698	58	351	103	356	57
1	0.066228	1831	0	539	308	1120	341	1076	740	522	699	102	351
2	0.099868	1834	0	539	307	1123	340	1077	741	523	699	116	350	159	349	58
1	0.166444	1839	0	538	306	1121	337	1076	738	521	696	160	350
2	0.066883	1841	0	538	307	1121	338	1075	738	522	697	167	350	199	353	40
1	0.132721	1845	0	536	310	1117	341	1073	740	519	697	200	353
2	0.06695	1847	0	535	310	1117	341	1072	740	522	698	183	356	118	337	85
1	0.199328	1853	0	532	309	1115	334	1069	740	515	696	135	341
2	0.066482	1855	0	532	310	1115	335	1067	742	515	697	155	343	187	345	40
1	0.066646	1857	0	531	311	1114	336	1067	736	518	697	183	344
2	0.06764	1859	0	530	311	1114	334	1066	735	517	697	185	343	212	349	35
1	0.098692	1862	0	529	310	1113	334	1065	740	515	704	239	344
2	0.099792	1865	0	523	307	1112	334	1071	734	515	695	241	349	274	351	42
1	0.099815	1868	0	529	310	1113	333	1072	735	516	696	275	351
2	0.105927	1871	0	533	312	1116	336	1069	737	518	698	277	348	132	373	170
1	0.193505	1877	0	537	307	1120	341	1076	741	520	698	129	370
2	0.066682	1879	0	539	306	1128	339	1078	741	523	698	138	369	197	366	74
1	0.499206	1884	0	540	303	1123	339	1078	741	523	699	194	362
1	0.06663	1896	0	533	311	1115	341	1070	742	517	698	258	348
2	0.067044	1898	0	533	311	1115	341	1069	742	515	698	227	358	62	384	212
1	0.132523	1902	0	534	309	1117	339	1070	740	521	697	65	379
2	0.066559	1904	0	534	308	1113	338	1071	738	516	695	69	378	51	374	23
1	0.199755	1910	0	532	307	1115	331	1069	732	514	693	59	373
2	0.066443	1912	0	532	307	1114	337	1068	732	513	693	86	375	121	378	43
1	0.266046	1920	0	532	307	1115	331	1068	732	516	693	120	375
2	0.067108	1922	0	532	307	1114	337	1068	733	519	694	118	374	165	378	59
1	0.132687	1926	0	533	310	1114	340	1069	740	517	696	175	377
2	0.133431	1930	0	533	310	1116	334	1069	740	517	696	174	376	228	378	44
1	0.166533	1935	0	533	310	1115	335	1068	741	514	697	230	377
2	0.099524	1938	0	532	311	1113	341	1067	742	516	697	242	377	263	377	27
1	0.166075	1943	0	532	311	1114	341	1068	741	516	697	262	376
2	0.136174	1946	0	532	309	1115	334	1068	741	516	696	265	373	289	377	22
2	0.063678	1949	0	534	305	1116	341	1070	742	521	699	278	377	107	388	232
1	0.133028	1952	0	537	305	1120	342	1074	742	521	701	49	393
2	0.099654	1956	0	547	310	1130	345	1076	751	527	697	63	426	249	159	474
1	0.166518	1961	0	546	305	1126	355	1074	748	521	700	327	104
2	0.066837	1963	0	543	305	1120	354	1072	748	521	700	337	96	361	92	31
1	0.166073	1968	0	538	314	1119	347	1066	748	517	708	362	89
2	0.066496	1970	0	531	313	1110	348	1066	749	513	707	365	89	346	91	26
1	0.266292	1978	0	485	327	1056	351	1019	749	471	717	417	89
2	0.06662	1980	0	474	330	1051	354	1010	751	465	718	415	89	387	89	37
1	0.199776	1986	0	474	327	1044	354	1010	744	465	716	369	89
2	0.066292	1988	0	473	328	1043	354	1013	750	465	716	369	86	414	90	60
1	0.168472	1993	0	472	330	1040	356	1011	746	463	718	409	89
2	0.098346	1996	0	471	330	1040	356	1010	746	463	726	405	86	463	90	70
1	0.165777	2001	0	468	335	1038	355	1007	746	459	725	464	91
2	0.066641	2003	0	466	336	1037	356	1007	747	457	726	453	90	431	90	27
1	0.133127	2007	0	467	336	1036	356	1005	746	460	725	432	90
2	0.466283	2010	0	463	336	1036	356	1005	747	459	725	435	87	484	90	53
1	0.33222	2031	0	467	340	1038	360	1007	751	460	729	511	87
2	0.06742	2033	0	463	339	1038	359	1008	751	460	729	534	88	573	84	52
1	0.099113	2036	0	468	339	1040	359	1010	750	460	729	569	89
2	0.100094	2039	0	471	333	1042	360	1013	751	464	723	569	86	333	111	179
1	0.199329	2045	0	472	333	1043	360	1014	751	463	723	332	108
2	0.067256	2047	0	471	332	1042	359	1013	750	464	722	335	106	385	102	66
1	0.232534	2054	0	470	334	1042	360	1012	751	461	731	381	97
2	0.099566	2057	0	470	334	1041	360	1013	751	463	731	389	96	422	97	44
1	0.099998	2060	0	468	332	1040	360	1010	751	461	731	423	98
2	0.066802	2062	0	469	340	1040	359	1011	752	462	731	416	97	405	93	15
1	0.099396	2065	0	463	341	1039	361	1009	752	461	731	407	92
2	0.100472	2068	0	467	341	1038	361	1009	752	457	731	406	90	450	96	58
1	0.298808	2077	0	462	341	1036	361	1006	752	459	730	450	94
2	0.099947	2080	0	462	334	1036	363	1006	753	459	732	448	95	387	99	67
1	0.266398	2088	0	461	342	1035	362	1004	753	458	731	390	98
2	0.066334	2090	0	464	342	1034	362	1004	752	457	731	383	131	408	104	46
1	0.1996	2096	0	463	345	1032	363	1001	755	456	733	424	91
2	0.100372	2099	0	464	347	1032	367	1001	756	457	734	427	98	470	98	59
1	0.199139	2105	0	460	347	1031	360	999	756	455	734	472	101
2	0.066548	2107	0	462	347	1030	367	998	756	455	735	470	97	445	97	31
1	0.133068	2111	0	461	348	1030	361	998	757	454	736	449	98
2	0.066778	2113	0	458	348	1028	361	995	757	451	735	448	97	488	105	51
1	0.19945	2119	0	429	350	996	363	968	761	426	735	518	103
2	0.066623	2121	0	427	351	994	365	970	754	424	736	506	104	541	104	45
1	0.266146	2129	0	424	353	990	365	968	764	421	737	540	104
2	0.066589	2131	0	424	353	990	364	967	755	420	736	539	108	555	110	21
1	0.100029	2134	0	427	353	991	373	969	761	422	737	552	103
2	0.066354	2136	0	426	353	991	373	964	761	422	737	539	105	345	126	254
1	0.266211	2144	0	430	350	999	370	967	759	424	736	335	117
2	0.066782	2146	0	428	350	999	370	967	759	424	737	337	114	314	108	31
1	0.132858	2150	0	425	351	998	371	965	760	422	736	321	104
2	0.099978	2153	0	425	351	997	365	965	760	422	736	319	106	384	110	84
1	0.066528	2155	0	426	352	997	372	965	761	422	737	383	106
2	0.100646	2158	0	426	345	990	364	963	760	421	736	388	121	543	118	227
1	0.132727	2162	0	423	350	990	363	962	759	420	735	544	116
2	0.365774	2164	0	426	351	991	371	964	761	421	736	544	110	522	106	29
1	0.066321	2175	0	425	349	996	369	964	758	423	735	507	110
2	0.066461	2177	0	425	343	996	369	964	759	422	734	508	111	489	89	35
1	0.166536	2182	0	428	350	997	370	965	758	423	736	484	83
2	0.066568	2184	0	427	343	999	364	966	758	425	736	484	84	371	94	149
1	0.166592	2189	0	431	349	999	363	965	757	424	735	377	88
2	0.066204	2191	0	430	349	998	369	965	757	424	735	376	82	430	88	71
1	0.133055	2195	0	430	343	999	370	968	758	425	736	423	90
2	0.066608	2197	0	432	343	999	369	967	758	425	736	426	89	474	94	62
1	0.333105	2207	0	433	347	1000	367	969	756	426	733	474	91
2	0.066143	2209	0	428	345	1000	365	968	754	425	732	499	89	534	93	48
1	0.199569	2215	0	431	341	1002	361	971	751	426	728	531	95
2	0.100064	2218	0	430	341	1002	361	970	751	425	728	531	94	366	110	126
1	0.166411	2223	0	432	339	1002	365	971	755	427	733	364	105
2	0.066398	2225	0	432	339	1002	366	971	756	427	733	363	103	444	110	104
1	0.099843	2228	0	430	343	1002	366	971	756	427	734	440	110
2	0.099845	2231	0	434	344	1002	366	972	756	427	734	439	108	472	111	43
1	0.100037	2234	0	430	346	1002	366	971	751	427	733	475	111
2	0.133303	2238	0	429	346	1001	366	970	751	425	733	473	126	513	103	170
1	0.132697	2242	0	428	346	1000	366	969	751	424	733	517	103
2	0.066631	2244	0	428	344	1000	361	969	749	424	731	520	106	549	108	38
1	0.066413	2246	0	427	343	1000	363	969	748	424	730	545	106
2	0.066961	2248	0	429	344	1003	364	971	749	426	731	545	103	374	120	225
1	0.099412	2251	0	434	343	1004	363	972	753	427	731	338	123
2	0.099942	2254	0	435	337	1004	364	973	754	428	732	337	120	315	114	28
1	0.266432	2262	0	434	338	1003	364	971	754	427	732	316	113
2	0.066349	2264	0	434	340	1001	366	970	755	427	733	338	111	503	110	215
1	0.29944	2273	0	432	338	999	366	967	754	425	732	542	108
2	0.06651	2275	0	428	338	998	365	967	754	425	732	555	104	440	114	151
1	0.133155	2279	0	435	340	1001	365	970	754	426	733	344	116
2	0.067734	2281	0	435	340	1001	365	970	754	425	733	344	115	318	112	34
1	0.065281	2283	0	434	340	1000	365	969	754	425	733	319	111
2	0.068501	2285	0	434	339	1000	365	969	754	424	733	318	112	318	103	10
2	0.064961	2287	0	433	338	999	364	968	754	425	732	319	110	411	116	126
1	0.232581	2294	0	432	342	998	367	967	756	425	735	411	111
2	0.066577	2296	0	431	341	998	368	967	756	423	734	409	110	395	112	17
1	0.166637	2301	0	428	348	996	368	965	757	422	734	390	110
2	0.066402	2303	0	425	349	997	369	965	759	422	735	391	111	435	113	58
1	0.099638	2306	0	428	346	996	369	964	758	421	735	440	116
2	0.066742	2308	0	424	348	996	368	964	757	421	733	440	118	468	117	36
1	0.26606	2316	0	424	341	996	367	964	757	421	733	464	116
2	0.066657	2318	0	423	341	995	367	964	756	420	733	461	115	433	114	35
1	0.166809	2323	0	426	346	995	366	965	751	420	732	433	110
2	0.066602	2325	0	424	346	995	366	964	751	420	732	443	110	492	111	65
1	0.099601	2328	0	423	345	989	365	963	750	418	731	496	114
2	0.066304	2329	0	423	346	994	366	963	751	419	732	495	113	516	115	26
1	0.066559	2331	0	422	346	995	366	964	751	419	732	515	119
2	0.099796	2334	0	424	345	995	365	964	750	419	731	504	162	518	106	57
1	0.266197	2342	0	423	344	995	364	964	750	419	731	524	112
2	0.067205	2344	0	423	345	994	365	965	750	419	731	525	114	567	115	54
1	0.132587	2348	0	425	338	997	364	964	754	421	731	560	115
2	0.066578	2350	0	425	337	997	364	965	753	421	730	459	125	337	138	159
1	0.132916	2354	0	425	334	998	362	968	751	423	730	342	129
2	0.066728	2356	0	430	335	998	362	968	751	423	730	342	122	326	125	21
1	0.066398	2358	0	431	336	999	361	969	751	424	730	325	126
2	0.066789	2360	0	430	336	998	361	968	751	423	730	351	130	382	128	38
1	0.266063	2368	0	427	333	994	360	964	749	420	727	385	125
2	0.100067	2370	0	426	333	994	360	963	750	419	727	394	125	409	125	20
2	0.066849	2373	0	423	338	993	361	961	749	418	727	412	121	386	115	33
1	0.432172	2376	0	422	334	994	361	962	750	419	727	386	123
1	0.133394	2389	0	421	342	987	355	960	750	416	726	414	116
2	0.066075	2392	0	422	340	987	353	960	751	415	725	382	123	343	118	50
1	0.168886	2397	0	420	340	987	354	964	745	414	726	341	116
2	0.09739	2399	0	419	344	985	355	962	746	415	736	340	112	341	104	9
2	0.399313	2402	0	419	342	986	356	961	747	419	735	339	108	391	111	67
1	0.233313	2419	0	337	385	893	353	909	740	375	769	400	100
2	0.067228	2421	0	332	391	888	346	904	731	368	769	401	106	418	104	22
1	0.132866	2425	0	316	387	869	341	894	727	359	766	430	103
2	0.065704	2427	0	313	379	867	337	891	721	357	762	427	106	461	103	43
1	0.199498	2433	0	304	381	861	342	880	722	349	763	470	101
2	0.099992	2436	0	311	381	863	342	882	721	351	759	468	107	438	103	36
1	0.067217	2438	0	313	379	867	343	885	730	348	760	437	106
2	0.06648	2440	0	313	376	869	342	886	729	349	760	441	102	511	117	91
1	0.165996	2445	0	315	374	873	340	888	726	353	760	504	117
2	0.100439	2448	0	326	370	884	342	894	730	355	751	502	113	481	108	28
1	0.199648	2454	0	328	362	887	338	898	727	360	750	480	113
2	0.065692	2456	0	331	364	889	339	896	726	361	744	484	111	464	113	27
1	0.232933	2463	0	343	364	904	337	905	726	369	744	462	115
2	0.066817	2465	0	342	354	903	337	905	726	369	744	465	119	424	117	51
1	0.200651	2471	0	348	357	909	345	913	733	372	746	435	111
2	0.098604	2474	0	348	357	909	346	913	734	371	747	433	126	501	111	73
1	0.400158	2476	0	349	358	909	345	911	732	373	746	500	110
1	0.298609	2495	0	356	360	916	344	914	732	376	749	557	126
2	0.067134	2497	0	357	358	920	344	916	732	377	748	516	126	323	140	244
1	0.265558	2505	0	360	359	921	347	920	732	376	742	327	131
2	0.066673	2507	0	360	359	922	344	920	741	376	750	330	123	384	130	69
1	0.133199	2511	0	361	361	922	351	920	734	376	744	381	125
2	0.066765	2513	0	361	361	922	351	921	742	376	743	381	121	360	122	27
1	0.165978	2518	0	361	355	923	346	920	742	378	743	361	123
2	0.06666	2520	0	362	361	924	351	922	743	378	744	361	120	421	121	77
1	0.16644	2525	0	362	361	923	352	920	743	380	745	418	120
2	0.066432	2527	0	362	355	924	351	923	742	380	744	413	127	385	127	34
1	0.166368	2532	0	363	356	925	350	924	742	381	744	389	125
2	0.066669	2534	0	362	355	925	352	918	742	381	744	392	125	448	132	71
1	0.133494	2538	0	365	358	924	354	917	744	381	747	459	128
2	0.066708	2540	0	362	359	924	353	917	743	381	747	462	128	434	129	36
1	0.13246	2544	0	362	358	923	355	923	744	380	748	434	128
2	0.066667	2546	0	362	357	923	354	921	744	380	747	435	124	371	132	83
1	0.200185	2552	0	367	357	924	351	917	740	381	745	380	129
2	0.065967	2554	0	368	357	925	351	925	741	382	744	382	133	408	130	32
1	0.134	2558	0	368	357	929	350	918	740	382	746	405	131
2	0.099018	2561	0	368	357	925	351	918	740	382	746	409	129	405	141	11
2	0.067159	2563	0	369	358	926	352	919	742	383	745	406	133	375	119	42
1	0.099093	2566	0	368	357	926	352	919	741	382	747	367	121
2	0.100458	2569	0	365	359	933	353	920	742	383	748	365	124	400	107	49
1	0.266253	2577	0	369	359	932	351	919	741	382	746	434	120
2	0.099339	2580	0	370	360	934	351	921	742	383	749	444	124	504	135	86
1	0.133861	2584	0	370	359	933	350	921	742	378	747	507	136
2	0.065941	2586	0	369	359	932	350	920	743	382	749	509	136	491	131	22
1	0.166543	2591	0	369	359	933	351	920	741	382	746	495	131
2	0.06614	2593	0	369	359	933	351	921	743	382	749	494	128	562	138	88
1	0.232856	2600	0	371	357	934	351	923	741	381	741	556	137
2	0.067594	2602	0	373	356	938	353	927	743	383	740	468	141	319	158	191
1	0.232944	2609	0	376	351	941	355	928	741	386	739	323	151
2	0.06604	2611	0	376	350	941	354	928	741	386	739	334	148	373	148	53
1	0.232365	2618	0	376	345	946	353	928	741	387	739	371	146
2	0.06665	2620	0	378	346	941	353	928	742	387	739	380	143	399	144	25
1	0.066548	2622	0	379	347	946	353	927	743	388	739	397	141
2	0.066484	2624	0	376	347	946	353	928	741	388	739	398	141	345	146	68
1	0.199787	2630	0	381	347	941	353	928	741	388	738	352	145
2	0.066766	2632	0	376	347	939	352	926	741	386	737	355	142	391	142	45
1	0.165982	2637	0	379	346	939	352	926	741	386	737	386	146
2	0.067097	2639	0	374	347	939	353	926	740	386	737	391	146	447	148	69
1	0.132765	2643	0	377	346	939	342	926	739	386	737	448	152
2	0.26609	2645	0	375	345	944	351	926	738	386	736	443	144	414	144	38
1	0.099875	2654	0	380	351	944	346	926	744	387	742	453	138
2	0.066437	2656	0	381	352	946	358	927	746	388	745	464	136	489	139	31
1	0.166592	2661	0	381	353	946	359	928	746	385	745	489	142
2	0.066513	2663	0	384	354	948	358	931	747	387	737	491	144	525	146	44
1	0.133278	2667	0	385	353	949	363	933	746	390	736	523	143
2	0.066307	2669	0	387	353	950	363	933	753	389	737	526	139	511	142	19
1	0.099891	2672	0	387	348	952	364	931	753	393	738	512	141
2	0.066462	2674	0	395	350	958	364	933	754	395	740	509	140	549	149	52
1	0.199751	2680	0	399	352	962	365	938	753	393	742	544	148
2	0.067105	2682	0	400	351	963	364	939	753	395	735	548	149	561	149	16
1	0.066366	2684	0	401	351	965	362	940	752	395	741	560	153
2	0.066613	2686	0	403	349	967	362	943	750	400	732	505	159	327	179	233
1	0.165913	2691	0	405	348	969	368	943	750	402	732	332	171
2	0.066667	2693	0	406	348	968	368	942	750	402	732	334	168	345	164	17
1	0.099747	2696	0	404	347	968	365	942	749	401	731	354	164
2	0.399406	2698	0	405	348	969	361	942	750	401	732	357	165	388	165	40
2	0.066399	2710	0	401	350	963	363	940	751	395	733	380	147	431	152	67
1	0.266239	2718	0	403	350	964	363	939	751	399	733	429	150
2	0.066575	2720	0	401	350	963	363	939	751	397	733	437	149	486	156	63
1	0.166365	2725	0	402	350	963	363	939	751	395	733	484	157
2	0.066599	2727	0	401	350	963	364	940	751	397	733	480	156	447	156	42
1	0.099703	2730	0	402	351	962	364	939	752	396	734	448	152
2	0.066671	2732	0	401	352	962	365	938	752	396	734	448	157	470	158	29
1	0.199589	2738	0	401	353	962	373	937	753	396	735	483	157
2	0.066535	2740	0	401	352	961	365	938	752	397	734	484	161	513	161	36
1	0.099919	2743	0	400	351	961	364	937	752	396	734	509	162
2	0.133236	2747	0	400	352	961	365	938	753	396	735	511	159	469	159	37
1	0.132947	2751	0	399	353	960	365	936	754	395	736	470	158
2	0.066898	2753	0	398	353	960	366	935	754	394	736	470	158	503	163	41
1	0.199313	2759	0	399	354	961	367	938	755	396	737	510	161
2	0.067098	2761	0	401	354	962	371	939	755	396	737	506	158	459	156	61
1	0.23225	2768	0	400	353	962	366	938	754	394	736	466	159
2	0.100006	2771	0	400	353	962	373	939	754	395	736	463	156	485	159	28
1	0.366027	2773	0	399	354	962	371	939	755	395	737	507	160
1	0.266197	2790	0	399	354	962	367	938	755	394	737	539	157
2	0.066565	2792	0	399	354	962	367	938	755	395	737	548	158	533	156	19
1	0.099815	2795	0	400	354	961	367	938	755	395	737	535	155
2	0.066463	2797	0	398	355	960	371	936	755	394	737	534	152	550	153	20
1	0.39932	2809	0	403	350	965	373	938	760	400	736	562	152
2	0.066542	2811	0	407	348	965	374	938	761	400	737	549	153	504	154	57
1	0.232984	2818	0	401	350	963	375	936	761	395	738	506	152
2	0.067651	2820	0	403	350	963	376	936	760	400	738	504	153	576	162	90
1	0.165767	2825	0	404	351	963	375	940	763	399	739	565	157
2	0.066087	2827	0	402	349	964	374	941	760	400	738	551	163	343	184	271
1	0.199601	2833	0	409	349	966	376	939	762	399	740	329	175
2	0.066881	2835	0	409	351	971	377	939	763	402	741	327	168	353	166	32
1	0.299181	2844	0	408	351	966	378	940	764	401	740	365	164
2	0.066526	2846	0	404	352	966	377	939	764	397	740	367	162	341	162	30
1	0.432594	2849	0	401	356	964	376	937	761	398	739	369	158
1	0.29963	2868	0	391	360	953	374	928	762	385	750	427	154
2	0.066575	2870	0	387	360	944	374	924	762	381	750	440	157	415	157	31
1	0.266169	2878	0	382	362	939	376	919	759	382	750	419	155
2	0.099843	2881	0	373	363	936	377	920	767	379	750	428	150	465	153	52
1	0.100454	2884	0	371	364	934	378	918	768	378	751	466	151
2	0.065768	2886	0	374	369	933	378	917	766	377	750	465	153	498	157	39
1	0.232951	2893	0	372	365	933	364	917	765	377	749	506	167
2	0.067522	2895	0	371	363	934	377	918	767	378	750	496	157	422	154	93
1	0.100495	2898	0	379	362	934	376	919	765	379	748	425	154
2	0.36471	2900	0	380	362	935	376	919	763	380	749	432	151	471	155	51
1	0.332419	2918	0	382	361	937	378	917	763	377	750	489	158
2	0.066663	2920	0	382	363	937	377	921	766	382	751	489	162	378	166	141
1	0.100309	2923	0	383	363	938	378	918	760	380	751	378	165
2	0.066196	2925	0	383	364	938	378	917	766	377	751	383	163	327	167	71
1	0.232771	2932	0	381	362	937	377	917	760	381	751	335	162
2	0.066566	2934	0	381	363	938	377	918	760	375	751	337	161	392	163	68
1	0.19976	2940	0	378	363	935	376	915	760	374	751	389	163
2	0.101066	2943	0	378	362	935	375	915	760	378	751	388	162	468	166	100
1	0.198351	2949	0	376	363	933	377	913	761	371	752	477	162
2	0.066613	2951	0	377	364	933	377	913	761	377	752	476	160	507	166	37
1	0.133188	2955	0	377	364	933	375	913	760	373	751	511	166
2	0.066366	2957	0	376	362	933	366	913	760	376	751	534	173	554	176	26
1	0.200074	2963	0	378	363	935	377	914	765	373	752	553	168
2	0.399061	2965	0	379	362	936	376	915	764	374	750	546	168	346	187	256
1	0.09959	2978	0	380	363	936	377	915	765	376	752	326	168
2	0.066734	2980	0	380	364	936	377	915	765	376	753	326	169	382	171	69
1	0.133313	2984	0	379	365	935	377	915	761	374	752	383	173
2	0.066265	2986	0	379	362	934	376	913	764	373	751	384	171	359	169	32
1	0.166367	2991	0	379	362	935	375	914	763	375	750	363	170
2	0.066972	2993	0	380	362	935	375	914	763	374	750	363	171	424	176	78
1	0.199536	2999	0	379	362	934	375	914	762	374	751	436	176
2	0.100685	3002	0	379	362	934	374	913	763	373	750	441	174	420	171	24
1	0.298772	3011	0	378	364	933	377	912	765	373	752	476	175
2	0.099443	3014	0	378	364	934	377	913	765	374	753	484	172	540	176	69
1	0.166436	3019	0	380	365	936	376	915	765	375	753	534	176
2	0.0668	3021	0	379	365	941	377	916	766	374	754	533	176	520	176	17
1	0.066389	3023	0	379	364	941	377	915	765	374	753	519	177
2	0.100124	3026	0	379	363	941	377	916	766	374	753	520	176	548	181	40
1	0.165929	3031	0	380	365	943	379	917	767	377	755	547	177
2	0.066723	3033	0	380	365	942	382	917	767	377	755	546	177	368	193	228
1	0.499486	3037	0	383	364	944	377	919	766	379	754	354	196
2	0.066007	3050	0	382	365	945	378	920	766	379	755	343	170	370	174	36
1	0.099896	3053	0	382	364	945	384	920	766	379	754	368	173
2	0.066398	3055	0	383	364	945	384	920	766	378	755	368	176	403	179	46
1	0.166818	3060	0	382	365	944	378	919	767	377	755	425	181
2	0.066708	3062	0	381	365	944	378	919	766	378	754	427	179	390	177	48
1	0.399165	3074	0	378	364	934	378	913	767	374	753	378	182
2	0.066242	3076	0	378	366	935	378	915	762	373	753	380	187	399	190	25
1	0.133211	3080	0	377	364	933	377	913	761	374	752	400	192
2	0.067068	3082	0	377	364	933	377	913	761	374	752	399	192	461	198	79
1	0.200461	3088	0	376	364	932	378	912	762	376	753	458	194
2	0.06503	3090	0	376	365	931	379	911	762	371	753	472	192	501	194	39
1	0.532773	3096	0	376	366	931	379	911	762	371	753	501	193
1	0.099906	3109	0	376	367	933	380	912	768	376	756	568	193
2	0.066276	3111	0	378	367	935	380	914	768	373	756	561	198	378	208	232
1	0.233046	3118	0	381	367	943	379	917	769	375	757	343	210
2	0.066364	3120	0	381	367	943	380	918	769	375	756	360	202	377	200	22
1	0.100092	3123	0	381	367	942	381	917	769	375	756	376	202
2	0.066344	3125	0	381	366	943	378	917	768	377	755	387	202	407	201	26
1	0.166223	3130	0	378	367	936	381	915	769	378	756	408	200
2	0.066532	3132	0	378	367	936	382	915	770	373	756	407	201	445	198	48
1	0.167186	3137	0	376	367	934	381	913	771	376	756	441	198
2	0.066303	3139	0	375	368	932	382	912	771	375	756	419	200	391	198	37
1	0.165984	3144	0	376	369	932	385	912	773	376	758	389	195
2	0.066455	3146	0	371	371	932	384	912	772	376	759	392	192	354	200	49
1	0.200337	3152	0	377	371	933	384	913	773	377	759	330	199
2	0.065935	3154	0	377	371	933	384	913	773	377	759	328	200	359	198	41
1	0.066568	3156	0	376	369	931	384	916	773	376	757	358	198
2	0.399308	3158	0	375	369	931	379	910	772	375	757	363	195	447	210	107
1	0.266168	3176	0	376	370	931	383	911	772	370	757	524	198
2	0.066562	3178	0	376	370	930	383	910	772	370	758	526	201	488	200	48
1	0.066564	3180	0	378	372	931	384	911	773	373	759	490	198
2	0.066595	3182	0	377	372	932	385	912	773	372	760	488	198	526	204	46
1	0.166336	3187	0	376	371	931	385	911	773	371	759	550	201
2	0.099852	3190	0	379	372	934	384	914	772	375	760	549	197	335	219	213
1	0.166319	3195	0	380	370	935	383	915	771	376	758	339	216
2	0.100465	3198	0	380	369	936	384	916	771	375	758	331	216	385	219	11
1	0.16584	3203	0	381	371	942	385	916	772	377	759	381	216
2	0.066432	3205	0	381	370	943	384	917	772	377	759	382	214	367	215	20
1	0.200763	3211	0	381	369	937	383	917	772	378	758	365	215
2	0.06554	3213	0	380	369	936	384	916	771	374	758	366	215	405	222	50
1	0.465954	3218	0	380	370	936	385	916	772	375	759	407	222
1	0.199649	3233	0	378	370	935	381	914	771	375	757	368	217
2	0.066858	3235	0	378	369	935	382	914	771	372	757	370	219	420	224	62
1	0.199326	3241	0	378	368	934	382	913	771	373	757	417	223
2	0.066563	3243	0	378	369	933	383	913	771	378	758	429	222	451	221	30
1	0.433453	3256	0	379	370	935	382	914	771	373	759	451	224
2	0.065659	3258	0	379	371	934	382	913	771	374	759	444	224	418	220	35
1	0.465729	3263	0	378	372	933	384	913	772	375	760	417	225
1	0.166653	3277	0	380	374	939	391	915	774	377	761	432	210
2	0.09965	3280	0	378	377	933	397	913	776	375	765	434	211	515	220	105
1	0.20007	3286	0	380	380	939	397	915	779	377	768	511	221
2	0.099579	3289	0	380	380	940	400	916	779	378	768	502	219	547	221	25
1	0.232637	3296	0	381	379	941	395	916	779	378	767	545	225
2	0.100673	3299	0	383	372	943	398	919	777	381	758	543	225	326	244	168
1	0.132298	3303	0	387	370	944	394	920	776	381	757	326	242
2	0.066585	3305	0	383	376	943	396	919	776	380	757	332	234	364	238	39
1	0.1668	3310	0	385	376	944	396	921	776	381	757	363	236
2	0.066487	3312	0	387	376	944	396	920	777	381	758	359	236	403	239	56
1	0.232609	3319	0	382	377	943	397	919	777	380	758	405	232
2	0.066586	3321	0	382	377	942	397	918	777	379	758	398	232	386	232	14
1	0.499444	3336	0	382	378	942	398	919	778	380	767	386	230
2	0.066338	3338	0	384	378	943	398	918	778	380	759	403	235	423	232	26
1	0.199565	3344	0	382	378	941	398	917	778	379	767	421	229
2	0.10031	3347	0	384	379	941	399	917	779	379	760	424	231	440	234	20
1	0.066652	3349	0	381	379	941	399	917	779	379	767	456	241
2	0.066119	3351	0	383	379	941	399	917	778	379	767	451	259	461	232	32
1	0.199539	3357	0	382	378	941	398	916	778	379	759	472	216
2	0.100366	3360	0	385	379	941	399	917	778	379	759	474	223	494	228	25
1	0.099309	3363	0	381	378	941	398	916	778	379	759	494	229
2	0.067123	3365	0	385	379	941	399	917	778	379	759	494	230	534	236	49
1	0.167022	3370	0	386	381	941	401	918	780	380	761	531	233
2	0.06582	3372	0	384	381	941	399	917	781	375	762	534	235	563	234	38
1	0.06664	3374	0	386	381	942	401	917	781	380	762	561	235
2	0.066186	3376	0	386	381	942	401	918	781	381	762	562	236	414	246	188
1	0.166287	3381	0	390	381	945	400	922	780	384	761	340	248
2	0.133142	3385	0	385	374	946	400	923	780	381	761	340	242	367	251	14
1	0.332529	3395	0	390	381	946	400	923	781	381	762	365	248
2	0.100731	3398	0	385	374	945	400	923	780	383	761	363	248	418	249	65
1	0.132265	3402	0	385	375	945	401	921	781	379	762	420	249
2	0.066875	3404	0	389	383	945	402	922	782	383	763	418	248	470	251	64
1	0.199579	3410	0	383	381	944	401	920	781	381	762	470	250
2	0.0666	3412	0	383	381	944	401	920	782	381	763	471	250	487	250	19
1	0.099835	3415	0	384	377	944	403	919	783	381	764	494	251
2	0.133385	3419	0	388	383	945	402	921	782	382	763	494	256	407	252	71
1	0.199131	3425	0	385	382	945	402	921	782	382	763	407	252
2	0.432656	3428	0	387	384	944	403	919	783	381	764	407	252	489	255	60
1	0.133042	3442	0	383	378	943	404	917	791	377	764	530	246
2	0.067488	3444	0	383	379	942	405	918	792	379	766	531	249	500	247	39
1	0.133827	3448	0	387	380	941	406	918	785	381	766	491	251
2	0.065191	3450	0	383	380	941	406	917	792	381	766	504	248	523	248	24
1	0.166102	3455	0	383	382	941	408	917	793	379	768	523	247
2	0.066611	3457	0	382	381	940	407	916	793	381	767	523	244	544	245	24
1	0.066375	3459	0	387	381	941	407	917	793	379	767	543	248
2	0.066651	3461	0	387	381	941	407	917	793	381	767	542	243	566	249	29
1	0.133349	3465	0	389	381	943	406	919	792	381	767	569	251
2	0.066314	3467	0	390	382	944	406	920	792	381	767	523	258	324	280	252
1	0.166347	3472	0	385	380	944	406	920	792	381	767	324	272
2	0.066635	3474	0	390	382	944	407	921	792	381	767	324	269	343	265	24
1	0.099758	3477	0	389	382	944	407	920	794	379	768	342	264
2	0.066839	3479	0	388	380	943	407	919	794	382	768	341	264	445	267	129
1	0.399275	3491	0	386	385	943	411	918	790	378	771	550	260
2	0.132827	3494	0	389	393	943	412	919	791	383	772	545	264	290	262	178
1	0.133673	3499	0	384	394	943	414	918	800	379	774	296	256
2	0.698976	3500	0	384	394	943	414	918	793	380	774	296	258	330	260	43
1	0.099302	3522	0	402	462	950	487	935	871	393	847	305	261
2	0.066676	3524	0	400	447	953	471	928	855	392	831	309	266	348	250	52
1	0.232505	3531	0	394	436	947	461	922	839	386	820	385	243
2	0.100087	3534	0	392	437	939	462	919	848	383	829	389	235	535	243	189
1	0.199523	3540	0	390	442	938	461	924	847	382	827	534	243
2	0.099824	3542	0	391	442	939	461	924	848	381	829	534	241	562	245	35
2	0.133168	3546	0	393	447	941	466	927	853	383	833	555	244	305	260	158
2	0.066648	3549	0	392	447	941	466	927	854	382	835	309	256	163	144	229
1	0.133071	3553	0	395	452	945	471	930	857	385	841	121	106
2	0.066401	3555	0	395	446	946	471	926	858	386	841	117	106	64	90	72
1	0.099921	3558	0	398	444	954	470	928	856	389	830	65	91
2	0.066545	3560	0	398	442	954	467	929	853	390	828	100	101	208	158	152
1	0.266108	3568	0	401	442	950	466	930	852	392	829	208	153
2	0.066564	3570	0	401	442	954	468	930	852	393	829	287	149	437	147	188
1	0.133657	3574	0	395	442	949	467	923	853	387	827	439	139
2	0.066054	3576	0	395	443	942	467	922	853	386	827	443	138	531	136	114
1	0.066563	3578	0	392	444	940	469	925	855	384	837	523	133
2	0.099794	3581	0	389	451	937	470	922	855	381	837	514	160	480	117	366
1	0.200235	3587	0	386	456	932	475	917	853	377	842	489	108
2	0.066013	3589	0	386	452	933	477	918	854	377	843	454	105	380	87	94
1	0.199603	3595	0	386	462	931	481	917	858	377	847	386	79
2	0.066597	3597	0	387	458	932	483	917	867	377	848	387	80	484	88	120
1	0.93176	3600	0	386	459	930	484	915	868	376	850	481	90
1	0.034028	3626	1	324	498	864	512	854	890	317	886	587	128
